100 4950
66 58 9.500
 4  1 0.231
47 40 5.139
63 15 5.624
85 27 2.688
87 60 1.863
50 12 1.596
19 17 5.151
97 65 5.052
73 30 7.151
41  4 3.016
61 10 7.601
53 39 1.091
76 46 7.628
80 21 2.205
35 32 1.867
18 16 7.510
70 14 8.023
40 18 1.077
96 29 5.563
65  5 3.987
64 24 8.027
40 10 6.056
93 42 6.687
93 57 7.879
31 19 7.548
58 27 9.320
83 37 8.733
42 28 9.426
59 38 3.485
61 17 6.747
59 13 9.151
95 71 5.180
42 31 5.709
44 42 7.101
98 38 0.445
68 60 8.187
86  4 1.974
30  8 7.215
47 17 5.120
75 74 2.723
57 47 8.110
97 86 7.344
77 16 2.024
35 34 5.548
53 36 5.145
39  4 0.237
85  1 4.883
87  6 6.221
91 76 7.203
41  8 4.458
66 14 10.069
89 39 8.186
46 15 9.957
81 15 5.819
54 53 5.399
82 78 3.816
56 46 8.729
97 10 9.220
50  6 7.669
83 67 3.736
38 16 1.345
67 44 2.924
80 46 0.899
29 25 5.208
72 20 6.620
51  0 1.441
62 10 0.538
77 14 1.753
99 75 0.264
20  9 4.534
52 43 1.063
56  8 6.538
46 13 2.578
79 78 1.408
84 77 7.763
73 58 0.218
28  1 5.193
40 13 2.237
82 66 4.077
58 33 5.415
91 48 6.814
97 39 2.996
86 75 9.621
17 12 2.917
86 32 9.275
58 48 8.949
89 37 8.543
42 11 0.792
80  6 7.080
38 30 4.854
90 33 9.437
43 22 3.553
43 24 2.874
40  1 8.395
66 49 3.031
93 72 1.192
71 40 9.759
75 64 6.461
30 14 5.997
67 40 0.655
84 21 6.464
99  6 4.516
60 37 6.994
35  6 7.993
52 12 1.876
99 76 2.775
91 23 0.347
86 64 7.799
87 50 0.791
98 84 2.361
93 88 2.890
80 22 0.863
95 13 9.010
89 79 4.708
78 15 3.745
92 46 9.957
40 28 4.436
57 44 2.946
71 65 7.445
63 43 3.698
54  2 4.622
94 16 7.163
56 34 3.792
90 60 3.963
43 42 5.853
92  6 4.983
55 33 5.342
18 15 1.555
61 48 1.405
62 61 0.435
92 40 1.743
96 12 0.595
51 42 4.612
76 36 7.074
58  4 6.678
69 63 7.825
86 29 3.846
81 80 1.060
26 10 2.796
94 91 5.588
85  8 9.033
67 35 1.271
42 36 2.133
65 25 3.447
 3  1 3.485
74 42 3.602
75 43 2.450
26 17 3.256
63  9 4.881
71 60 8.144
93 14 3.991
86 54 9.667
86 37 9.184
91 77 8.582
49 43 7.076
58 50 8.907
98 24 0.682
38 31 8.977
33 12 2.731
95 33 7.246
35  5 7.328
86 33 4.219
85 29 7.782
36  9 6.636
99 22 3.885
46 24 0.101
51  5 1.299
70 31 3.263
55 11 7.970
84 78 8.480
76 14 7.480
84 57 6.206
32 25 6.671
56 55 9.270
96 37 6.350
94 43 2.515
77 47 4.825
71 27 3.849
90 56 3.876
90 18 6.147
38 20 2.069
77 76 8.832
88 86 6.211
86 55 6.489
10  5 9.751
44 43 1.054
62 56 4.166
67  7 4.393
94 36 4.162
96 44 2.201
77 67 3.470
85 48 6.067
94 56 3.439
61  2 7.835
46  1 5.339
73 28 8.409
96 32 1.320
46 35 5.655
99  7 5.352
65 31 1.574
53  0 7.285
85 61 9.383
73 48 9.121
62  9 7.776
62 42 0.253
47 26 8.334
91 65 5.799
27 20 6.776
61  8 2.860
34  9 8.010
95 58 5.545
21  3 0.905
48 31 4.428
60  6 1.456
94 28 0.762
70 22 4.433
46 31 4.736
57 21 0.473
94 82 9.979
 9  1 3.683
43  1 4.926
87 63 2.697
43  6 7.038
71 68 0.750
55 16 3.569
93 30 8.591
90 47 4.989
99 94 3.621
62  4 4.748
72  1 8.536
86 52 1.411
64 10 6.628
96 53 0.752
66 15 3.233
21 12 3.225
40 30 2.548
61  0 2.966
25  2 6.371
91 55 2.245
94 23 1.287
25  3 4.003
45 41 5.419
30 12 4.119
76  9 3.267
66 61 3.011
30 27 2.854
88 12 2.634
85 84 5.212
39  2 1.887
78 72 0.531
89 29 9.993
90 35 2.602
61 33 2.152
89 71 3.639
25 16 3.535
31  7 8.716
89 53 2.191
74 45 3.088
94 58 1.361
44 13 3.282
91  1 0.165
26  0 6.599
77 57 5.323
25  8 3.930
49 26 5.238
47 42 3.744
52  9 1.092
77 51 9.512
83 47 3.205
96  9 5.196
81  8 2.706
79 77 9.102
64 18 1.732
60 35 4.350
68 17 8.145
91 33 9.636
63 27 3.224
94 21 0.437
89 85 4.570
90 43 3.302
92 86 3.130
58 54 6.965
26  2 2.072
52 47 1.131
31 17 8.777
82  5 0.222
97 17 0.611
81 12 8.678
65 30 5.460
50 15 1.819
60  3 0.592
83 69 0.469
70 49 3.477
90 36 9.109
58 17 5.641
31 24 5.220
90 85 3.467
66 13 8.342
51 45 8.006
78 11 8.438
76 30 5.819
98 13 2.104
26  3 6.653
85  3 3.099
94 93 3.345
45 10 1.261
94 72 9.317
90 40 8.640
81 54 5.917
81 14 2.102
73 59 1.038
39 19 7.848
78 68 5.586
62  0 8.136
67  6 6.694
77 49 5.796
93 60 4.487
35 12 3.036
99 27 6.391
92 45 2.263
67 25 9.508
90 84 7.016
55 10 4.378
72 13 5.354
86 72 2.949
62 34 3.420
52 45 8.950
52 30 3.003
76 55 7.984
67 33 5.996
67 54 9.778
98 96 8.363
89  1 7.762
46 37 1.292
97 45 1.600
25  1 10.025
16 12 6.601
46 28 1.234
55 20 7.360
61 23 1.404
92  1 2.527
97  3 9.595
26  8 4.337
64 54 7.637
97 36 5.484
48  8 3.550
22 11 8.210
 9  2 2.492
47 43 1.340
82 15 4.031
37 20 2.088
84 19 10.049
62 57 1.110
61  5 6.578
98 18 9.053
30 15 7.792
51 33 2.468
65  9 2.149
84 17 5.264
86 49 5.563
20  6 3.880
88 43 3.046
57 14 8.391
65 18 1.233
30 18 4.176
59 53 7.251
37  7 9.720
56 24 2.495
97 26 0.579
87 74 8.962
90 39 10.024
35  2 3.574
45 44 9.250
77 28 0.910
11  0 8.700
53 15 0.968
81 30 9.723
45 35 3.485
82 77 4.669
33 29 7.631
67 59 0.973
36 31 3.112
72 55 7.058
51 43 4.907
41  0 6.688
65 62 6.448
75 21 5.000
56  2 6.662
86  9 0.707
59  5 1.633
22  3 0.913
64 47 1.109
57 38 7.054
60 39 0.838
24  4 5.346
86 53 5.203
29  2 1.725
55  9 7.235
65 32 5.017
83 70 2.149
48 40 0.230
89 31 9.129
87 37 1.920
59  7 9.698
49  5 4.192
84 48 7.599
64 39 3.805
97 20 6.955
81  4 2.333
33  6 7.091
88 42 2.778
83 62 6.815
34  0 3.335
46 14 3.580
96 63 5.041
46  6 6.913
21  4 1.736
74 23 0.929
 6  4 4.670
76 24 3.306
67 51 9.729
91 71 3.948
77 30 5.365
23 20 9.919
83  7 4.626
37  4 1.328
97  2 3.222
20 13 0.934
84 26 3.506
87 55 1.133
83 79 0.871
63 52 3.937
94 50 6.729
69 31 2.306
78 70 4.813
37 13 2.742
91 13 4.591
67 56 8.213
96  7 6.699
87 77 4.750
47 15 9.542
38 21 7.860
34 30 6.707
48 16 9.811
48  1 7.956
48  2 3.571
67 60 0.470
56 51 1.603
90 24 9.298
77  7 7.126
93 24 1.035
86  8 1.311
84  5 4.488
92 26 3.082
37 30 3.184
37  2 5.855
68 34 0.513
54 51 0.729
82  1 9.229
49 12 6.552
46 29 4.126
78 32 0.138
78 51 6.710
99 71 7.160
99 46 7.939
85 20 3.278
90 64 1.191
61 18 8.365
39 11 3.281
88 47 0.238
80 49 5.439
99 55 2.535
88  6 9.523
98 57 2.279
39  7 2.698
84 82 1.089
54 39 1.441
77 71 3.561
69 24 10.032
75 69 3.916
95 70 8.996
65 33 4.813
30 26 7.366
87 61 2.497
61 53 6.678
70 47 1.937
55 12 3.097
78 50 8.924
91 84 5.900
80 14 2.017
71 32 7.391
96  6 6.644
59 41 0.210
16  5 8.418
22 18 7.371
89 21 3.213
98 62 7.144
86 26 8.018
53 41 9.470
84 68 2.728
32 17 7.394
95 61 0.189
88 62 7.834
40  2 9.233
65 59 4.556
97 74 6.463
44 28 7.798
53 25 5.056
24  1 5.893
39 21 4.955
29  5 6.312
84 59 7.292
27 12 5.210
73  5 2.778
88 28 6.968
27 17 5.540
81 33 5.537
66 52 1.955
63 48 7.152
77 75 8.469
99 81 1.576
37  0 1.814
45 29 7.385
94 10 1.645
25  9 2.639
29 20 7.148
76 75 6.540
20  7 8.899
33 11 4.096
64  6 0.120
73 69 3.824
47 21 9.329
63  0 8.753
95 60 2.472
61  4 7.896
74 18 9.858
43 41 5.852
59 11 9.554
92  7 2.981
98 26 2.932
73 64 9.365
94  9 9.497
86 62 7.769
38 15 9.477
 6  5 3.212
89  0 3.175
72 29 4.328
49  6 0.336
84 15 9.313
80 68 3.852
93 10 8.263
59 45 4.224
58 21 7.328
55 15 0.730
12  1 6.245
53 46 7.386
92 50 3.032
39 35 4.893
74 70 7.434
25 17 9.686
91 70 2.689
98 20 2.527
56  5 5.783
49 23 2.592
96 71 8.698
91 49 5.015
88 39 2.513
71 69 4.005
76 54 6.006
77  2 6.824
65 51 5.853
91  2 9.761
40 23 3.418
34  7 3.584
73  0 6.766
74 71 9.204
41 28 4.324
39 28 4.651
25 11 2.601
66 36 1.358
70 56 9.436
 7  2 0.351
52 21 6.505
59 22 7.927
12  2 8.342
83 78 5.485
91 85 6.142
65 52 3.445
89 80 9.281
99 47 2.698
66 42 9.057
98 16 6.266
66 54 7.109
46 21 4.663
45 40 6.192
87 12 7.205
97 14 6.140
92 67 6.944
64 41 0.631
97 61 9.584
69 28 8.591
84 33 2.236
70 61 6.138
61 19 2.930
78 60 7.330
81  3 6.556
47  7 8.567
75 22 4.803
97 80 6.478
93 90 5.180
98 63 6.024
79 69 4.081
64 34 8.731
67 38 1.849
 8  7 9.568
58 38 6.490
87 71 0.825
80 47 6.027
67 63 4.480
96 93 5.183
98 95 0.410
71  6 6.028
67 26 1.859
89 27 1.539
36  1 4.124
90 61 0.253
86 41 8.705
77  5 8.451
56 15 3.496
76 67 5.526
76 19 7.375
46 16 4.855
24 16 5.206
48 43 7.728
99 43 6.732
89 57 2.074
21 16 4.728
74 22 9.490
52 36 2.993
72  7 9.782
76 52 5.769
22  5 8.279
93 46 1.710
70 21 9.185
45  5 4.882
99  3 1.752
95  3 7.306
79 53 0.719
61 35 7.151
96 38 0.891
94 77 9.304
23 15 1.935
30 20 9.284
50  4 3.445
58 36 9.369
92 24 2.819
13  2 8.458
52  3 9.367
85 11 8.778
30 24 5.601
92 73 2.327
42  7 3.422
68 10 9.775
54 22 3.333
74 54 0.702
98 64 2.187
39 25 1.457
93 11 5.170
70 45 9.083
77 19 3.428
 6  2 6.938
70 29 2.673
85 70 8.175
73 65 5.218
99 31 5.266
71 49 5.382
23  1 8.352
34 13 6.518
69 42 6.301
41 35 2.683
68 27 4.756
79  1 1.662
35  3 3.986
29 13 8.327
15  0 4.040
30 11 7.426
65 17 7.437
67 29 1.634
92 39 2.313
50 10 5.190
91 54 2.875
62  6 2.012
15  1 3.022
86 39 0.199
41 33 4.916
15  6 5.049
76 69 5.029
89 32 3.950
82 54 5.554
55 43 6.942
73 54 3.505
43  3 2.198
73 37 2.973
46 41 1.039
82 70 2.641
63 16 0.391
48 44 1.159
76 22 4.298
37 15 0.221
54 27 6.916
28  9 6.323
63 22 3.853
93 21 0.653
78 43 3.041
61 26 5.402
80 43 6.265
79  4 4.090
58 51 6.566
41 39 1.516
97 19 6.466
72 10 2.827
97 68 4.001
69 33 9.211
96 56 7.050
89  2 2.906
71 16 5.439
12  4 1.595
50  9 4.600
66 65 2.566
94 11 3.685
95 56 6.923
79 35 7.054
69 27 8.430
90 48 1.899
61  9 1.273
81 58 0.301
59 50 7.869
36 15 2.168
69 12 6.979
21  0 0.734
74 44 3.436
98 21 2.116
44  6 9.842
21 11 3.188
67 48 6.431
63 58 1.832
98 54 8.101
81 70 7.712
85 53 2.220
34 11 0.992
71 18 6.650
96 24 9.440
82  7 5.115
66  2 1.299
57 24 5.545
99 56 0.775
87  2 9.469
57 53 1.219
62 18 9.314
75 67 0.267
85 76 3.375
64 59 8.281
78 59 4.082
98 66 2.301
92 38 8.332
62 58 8.259
53 24 9.821
91  7 5.716
71  7 5.456
69 37 1.823
39  3 7.999
32 23 6.627
56 13 9.347
99 14 5.271
28 16 9.310
52 29 7.058
61 11 1.946
80 31 2.226
32  8 4.991
17  1 4.704
56 53 8.325
97 72 8.813
95 18 0.404
85 45 7.512
81  9 3.691
78 75 1.116
47  6 9.022
84 34 8.099
44 15 0.719
94 52 8.756
24 23 10.028
57 42 1.395
92 19 4.786
36  3 1.590
86 63 6.422
69 53 7.890
56 10 3.657
77 66 9.066
46 45 7.028
83 51 7.433
55 32 5.253
44 38 8.738
57 43 9.923
96 60 4.309
81 61 4.551
86 74 0.417
98 67 1.511
66 16 3.286
56 12 3.890
92 30 5.557
64  0 3.812
86  2 4.917
80 23 5.257
92 87 4.102
63 31 4.187
99 66 0.614
57  2 10.068
21  2 9.576
59 36 7.391
90 74 6.233
90 41 9.090
58  5 7.850
95 77 6.983
79 60 7.688
27 21 5.023
82 40 8.931
60 50 1.661
40 14 9.468
23  0 2.752
90  9 6.305
94  6 0.783
11  8 1.481
51  7 5.440
23 21 5.571
60 10 5.196
61 59 9.822
83 73 7.613
67 24 4.032
93 65 3.659
46  0 0.545
33 24 8.186
49 35 0.698
78 35 3.348
77 39 1.411
73 52 8.434
80 74 4.131
87 21 8.641
56 31 6.089
55 18 6.064
72 50 4.689
85  4 9.559
95 46 5.676
57 49 9.279
48 18 8.672
35 13 8.919
57 50 7.392
21  6 5.817
58 13 5.191
34  2 3.574
76 65 4.913
94  3 1.376
94 78 4.439
73 57 6.917
87  7 7.432
65 35 9.339
16 13 1.667
45 34 4.385
48 24 5.947
75 20 5.414
28 13 0.532
65 46 7.298
76 32 5.420
91 44 7.884
82 23 2.245
89 82 1.335
28  6 1.585
76  0 9.574
33 23 7.444
84 76 5.757
57 17 2.683
83 13 1.857
93 50 6.020
 6  0 7.520
66 22 3.581
58 56 9.440
88 70 0.960
87 80 9.565
81 22 10.010
63 30 7.981
49 45 9.798
36 12 6.319
46 32 9.979
79 26 3.635
77 26 8.509
98 39 5.474
72 35 1.002
97  1 8.503
49  4 3.670
75 24 3.467
29 22 5.398
90 50 6.415
43  5 1.735
75 41 7.913
90  5 3.236
97 48 3.581
80 65 6.436
45 31 1.753
29 12 9.592
61 25 1.074
99 19 8.721
53 49 2.220
48 29 6.114
38  3 5.430
94 90 8.296
66 27 6.792
75 35 4.625
12 10 1.518
70  0 2.580
91  6 6.897
24 21 8.070
57 30 4.825
63  1 0.909
85 39 4.888
98 40 0.695
98 55 10.011
79 43 3.952
92 12 5.342
54 47 3.475
62 17 7.072
49  2 3.321
99 17 9.660
 9  3 7.062
83 36 5.504
62 28 7.110
84 67 4.735
36 34 8.085
28 15 5.734
75 66 7.035
94 60 1.702
78 37 1.396
89 54 9.357
19  8 5.222
79 11 3.613
61  1 2.570
38 17 8.342
37  1 4.776
20  2 1.169
64 20 9.574
98 71 7.537
94 25 7.290
77 56 1.065
64  2 1.003
14 13 1.870
87 85 2.043
83 45 4.597
21  1 3.425
86  0 0.670
89 84 6.015
26 15 9.552
70 32 9.893
99 65 4.014
63 23 1.628
84  1 3.088
47 12 5.310
71 38 9.415
24 10 2.058
19 18 10.095
70 54 5.512
55 24 6.824
26 16 6.508
83 74 0.313
57  6 8.757
88 49 3.720
43 29 2.426
16 14 0.486
88 16 8.371
65 10 0.547
70 12 8.460
50 38 9.683
61 57 8.482
91 42 4.796
93 74 7.272
50 16 7.548
83 58 7.730
52 51 5.455
67 17 4.152
32  7 5.026
55 47 1.871
98 23 1.167
65 34 5.195
96 10 5.127
79 45 8.290
84  7 7.508
75  4 0.933
62 39 1.219
68 15 0.476
95 24 6.793
82 42 0.319
35 17 7.084
61 41 2.766
91 74 9.717
53 31 5.512
66 64 6.841
57 19 1.728
36 26 2.969
80 20 4.112
83 50 3.729
96 43 9.342
88 35 8.519
57 29 1.311
78 18 3.764
38 19 4.770
 7  6 5.516
65 53 7.326
94 55 4.077
40 25 4.962
56 52 8.627
98  9 4.374
98 42 0.866
92 31 4.801
94 34 6.765
58 55 2.399
93 40 4.720
53  2 6.389
88 84 0.981
75 25 1.712
25 20 4.250
78 29 8.604
87 26 9.066
97 87 0.760
27 10 6.947
47 29 7.571
86 48 2.929
82  2 2.853
75 53 2.360
39 20 7.845
98 51 0.780
99 60 4.481
56 19 0.106
24  2 5.909
98 10 7.732
66 18 7.130
47 19 3.495
56 54 6.842
96 69 8.342
98 69 0.163
30 28 2.885
98 32 2.248
78 52 2.662
89 36 8.393
96 86 6.918
28 20 7.864
97 56 3.426
50 17 6.301
47 27 0.960
34  8 3.158
74  5 0.623
51 25 1.075
91 16 3.144
32 21 5.669
89  7 6.782
75 36 6.985
 2  1 7.463
73 42 2.261
46 43 6.448
77  3 6.594
68 63 3.379
83 14 4.335
50 31 8.983
96 79 8.304
83  3 4.846
96 47 6.268
65 42 1.974
90  8 4.830
67 13 6.306
87 41 7.120
10  1 4.787
99 72 3.211
28  3 8.196
42 23 3.985
72 32 5.130
88 32 9.325
60 42 0.711
55 14 4.199
40  5 3.353
95 16 6.929
53 22 3.118
59 15 0.918
23  3 8.319
46  5 6.061
73  2 2.014
49 44 7.989
77 25 10.000
90  4 7.973
63  6 7.000
88 48 4.121
84 75 3.363
99 98 8.752
15  8 9.520
81 26 4.518
73 41 4.534
97 85 5.903
83 48 8.167
69 20 3.280
55 36 6.572
65 55 1.845
63 62 7.685
33  7 8.966
70  3 5.011
88 15 2.635
69 55 9.481
57 25 8.451
63 13 8.788
84 31 2.409
94 71 5.619
87  5 4.243
38  1 0.724
35 18 6.849
32  0 0.989
53 20 8.706
23  4 1.521
41 37 0.769
98 49 1.127
43 16 1.188
68 56 7.138
85 23 6.459
71  1 8.125
75 37 7.716
87 10 6.584
98 45 3.525
63 34 5.529
80 73 1.053
23 14 8.625
94 45 8.148
94 14 9.476
99 57 9.863
62 52 4.910
59 25 3.667
84 40 8.443
78 64 1.729
92  0 7.181
97 11 7.216
99 18 8.285
95  2 1.299
18 17 1.962
30  9 4.920
60 56 4.453
34 10 7.474
64  8 0.320
86 16 8.179
93 28 0.570
57 54 1.082
95 10 2.970
80 58 7.189
65 36 6.056
90 72 7.361
99 45 5.831
62 25 9.707
70 28 7.640
79  0 6.218
64 46 3.656
79 37 0.434
78 19 7.179
89 50 9.176
77 18 1.068
53 23 9.549
69  3 4.984
66 34 4.760
60 46 7.656
95 48 5.903
59 40 6.445
73 71 3.263
46 10 7.958
71 34 1.467
41 23 2.746
72 68 0.281
84 72 10.029
55 39 6.775
77 27 5.503
91 57 5.615
94 89 3.738
88 37 7.081
47 35 3.735
79 76 2.883
84 65 2.191
 6  1 0.156
77 72 3.921
97  5 7.318
30 10 6.616
48 21 2.178
96  5 7.812
45 36 1.167
56 20 6.705
82 46 9.181
47 16 5.262
68 36 4.871
72 45 5.437
66 11 0.690
70 60 1.418
44 16 6.850
33 19 0.219
97  0 0.983
37  5 3.394
58 35 8.751
89 48 1.322
38 18 8.025
74 33 9.854
93 17 0.135
97  7 0.803
68 39 0.359
52 33 5.340
44  4 5.691
83 63 8.112
36 16 10.062
39 38 5.182
84  3 3.853
64 13 2.423
51  3 7.474
55 21 2.822
73 40 3.670
41 25 0.698
15  2 8.426
 4  0 5.923
71 42 9.938
95 79 9.504
97 24 6.192
59 26 2.588
74 21 2.993
59 54 4.653
71 52 2.364
30 29 6.383
53 38 3.037
62 22 3.785
88 61 7.031
39  8 9.145
63 41 9.936
96 36 9.167
50 47 4.149
85 73 4.215
56 36 2.522
69 56 9.018
81 23 1.183
82 67 5.942
66 63 4.220
16 10 8.149
65  1 5.037
91 40 8.506
95 74 4.856
76 42 8.997
91 45 6.477
60 30 6.191
92 10 1.968
94 29 3.673
79 55 4.625
64  7 9.666
51 17 2.302
99 80 7.963
80 12 1.563
87  3 9.489
93 70 5.894
68 65 4.625
53 29 1.415
69 61 4.873
18 11 3.642
48 36 7.589
74  7 8.429
64  9 5.756
87 11 3.665
90 88 10.075
75 32 7.167
75 48 6.766
77 46 7.683
75 49 6.234
70  2 4.437
59  8 1.625
89 87 5.372
89 28 9.467
54 13 8.371
46 44 0.614
51 10 8.897
47  4 6.765
75  0 0.799
73 14 7.355
56 28 5.285
91  5 2.157
29  1 9.069
64 12 4.801
94 85 2.361
93 39 4.915
48 20 5.087
49 31 4.775
96 57 7.463
80 66 1.202
53 51 0.497
35 21 4.196
84 43 2.057
76 25 2.280
36 33 1.590
41 34 0.624
85 17 3.957
17 13 7.768
52 44 9.213
98 14 1.874
17  0 2.847
89 17 0.955
88 56 1.797
32 11 6.048
84 70 1.842
22  9 6.140
25 21 8.555
88 82 9.534
88 10 8.939
99 36 3.304
97 21 9.876
85 79 1.955
97 91 3.227
37  8 2.424
81 65 9.092
62 30 2.446
74  4 7.865
96 77 5.955
94 53 3.556
48 17 8.572
30 17 5.097
47 18 4.738
82 52 7.636
66 38 9.798
70 27 7.194
85  5 3.454
57 15 2.141
91 18 0.704
90 28 4.535
56 18 2.796
90 10 5.484
17  5 6.662
91 21 3.730
70 53 2.499
32 31 5.680
76 37 9.107
40  3 6.812
95 90 1.041
85 40 9.677
39  5 9.664
46 22 8.456
71  3 7.241
55  3 3.605
81 41 8.538
32 29 1.106
87 72 8.870
55 22 1.631
41 11 9.356
51 37 2.241
98 60 2.324
46  3 4.627
95 17 6.842
41 12 9.314
69 41 1.207
96 78 4.046
38  2 2.137
88 66 5.871
81 47 2.852
85 65 7.864
43  7 6.341
61 32 8.144
84 41 3.760
65 11 0.948
50 32 6.066
93 80 9.188
83 46 9.284
82 48 7.979
18 14 6.192
80 50 7.110
24 14 8.812
86 17 2.422
99 20 10.057
84  8 5.186
86 35 3.165
76 38 2.966
97 46 5.339
31 29 4.891
95 68 2.037
70 57 0.795
58 29 5.674
92 53 0.142
17  7 5.571
47 11 0.454
70 25 8.751
94 81 9.879
85 21 4.885
93 18 6.034
64 42 8.480
31 28 0.889
18  8 2.732
72 30 4.503
71 43 0.583
88 78 3.367
90 20 9.886
85 54 3.144
87 79 9.736
58 26 9.007
77  8 9.429
89 52 7.222
41 18 6.160
77 38 2.639
97 34 5.371
66 57 0.477
52 19 9.597
96 65 3.725
43 21 2.135
99 64 0.740
85 16 3.912
73 27 0.539
54  0 8.704
36 24 7.632
37 22 4.964
86 42 1.982
59 12 0.606
61 50 5.426
64 51 9.251
91  4 5.559
79 14 3.967
42 27 5.815
31  4 7.470
50 28 4.439
31  3 2.798
43 14 3.255
44  0 5.592
55 34 2.425
79 56 5.193
87 47 6.767
72 23 3.137
82 71 7.363
56 44 1.113
55  6 6.150
62 50 5.716
56 39 7.259
65  6 5.591
68  8 2.233
49  7 2.782
95 86 8.631
90 37 9.325
97 62 1.485
90 70 2.051
49 37 9.302
77 68 8.216
74 12 2.436
88 33 8.127
93 54 5.033
61 29 1.284
90 22 0.485
84 53 10.013
83 55 0.995
49 39 2.021
38  0 8.346
55 29 3.363
36 29 5.090
62 59 1.951
98 27 9.796
48 25 2.485
54 15 5.430
85 35 4.377
39  1 0.259
91 66 1.062
87 52 0.277
89 77 5.178
94 84 2.884
94  4 3.522
13  4 6.558
75 11 5.879
88 29 1.615
28 25 4.425
50 18 5.239
68 25 2.493
69  8 8.995
94 20 1.628
53  4 1.435
36 21 1.093
49 38 7.603
51 46 8.894
29  0 0.871
81 74 1.879
73  9 7.308
82 68 7.991
70 67 5.271
54 14 5.273
73  4 10.001
96 19 1.115
86 81 2.677
71 28 4.113
94 37 2.779
95 76 7.390
68 22 9.428
58  0 4.044
58 49 9.962
51 40 7.433
49 33 7.314
60 54 4.008
54 21 8.856
99 26 9.620
71  4 6.464
83 24 9.248
40 20 4.829
67 36 4.325
41  6 3.419
64 15 3.996
77 42 7.043
91 64 2.805
95 35 4.366
38 35 5.623
75 33 2.417
63 17 1.234
56 11 9.456
86 59 9.947
98 83 4.359
60 29 9.115
71 64 5.107
89 15 0.755
83  9 0.227
52 28 1.368
79 42 9.221
54 34 7.578
37 16 7.081
87 32 7.027
80 25 0.571
72 42 9.407
83 60 5.686
67 30 6.951
43  9 0.228
97 70 4.499
16  3 0.108
76  8 1.052
99 77 0.501
42 17 0.300
71 61 9.656
64 52 7.191
96 82 8.047
70 68 7.260
84  9 8.875
61 13 1.171
59 56 4.402
96 73 1.194
85 28 0.787
90 68 7.007
70 44 1.639
75 57 9.352
85 50 7.015
81 59 1.954
51  2 4.195
56  0 5.813
70 11 0.577
97 90 0.862
80 48 8.339
82 51 6.857
97  9 4.887
99 90 0.524
65 40 8.599
87 54 5.648
67 61 8.274
82 20 7.638
31 27 1.451
82 74 8.399
54 25 0.128
49 32 1.985
52  8 0.979
98 50 7.408
88 71 6.583
84 30 2.255
99  8 2.990
83 26 1.388
46  4 3.028
72 27 0.395
69 43 3.734
69 29 3.101
97 41 5.846
77 31 4.184
41  3 1.724
98 37 7.813
78  1 9.309
88  8 9.667
76 61 9.909
83 38 4.844
90 63 0.634
47 37 7.273
51  9 6.276
77 32 1.773
42 20 6.666
81 40 6.342
85 67 6.664
38 25 8.586
65 56 3.682
47  3 9.660
54  7 5.775
82 73 9.695
87 42 9.443
60 26 9.121
77 44 1.367
42 34 9.471
50 45 7.712
23 16 8.220
42  4 2.033
89  8 5.069
25 23 3.230
31 26 7.009
66 47 8.418
11  6 10.003
42 32 4.136
99  4 3.470
74 30 4.417
95 72 2.307
98 73 7.793
36 11 6.649
 7  4 5.340
12  9 2.657
98 70 5.061
60 55 10.061
67 42 6.235
66 30 3.232
46  8 5.023
69 35 5.711
83 27 5.826
67 53 9.640
65 37 6.171
49  1 8.659
92 66 8.439
96 91 0.761
57 10 3.243
98 59 1.384
94 13 3.338
90 42 3.724
80 38 7.729
91 12 1.697
22 10 4.895
77 21 7.131
99 61 5.840
51 38 6.047
33 26 4.177
50 21 9.424
57 41 1.753
75 19 2.121
55 35 1.305
84 45 7.248
66 56 5.933
91 69 2.386
50 48 4.674
90 38 1.740
90 55 9.789
51 30 1.224
85 82 9.717
81 46 4.787
88 73 4.767
86 85 0.998
99 87 8.039
87 76 2.926
93 78 0.349
60  2 7.292
89 70 7.604
98 56 1.615
49 42 4.422
65 63 1.330
99 82 9.367
78 44 6.315
14 11 4.977
97 93 9.406
24  8 4.418
98 48 2.256
65 27 2.932
92  5 6.730
94  8 4.637
70 18 0.967
31  5 5.427
70 63 6.797
79 49 0.819
78  5 9.443
76 39 4.229
82 11 1.086
63 32 0.513
20 19 2.762
30 23 1.647
99 52 0.507
52 31 6.362
21 20 4.748
86 19 1.882
60 18 4.120
87 44 3.820
88 53 5.792
17 15 8.146
89 45 8.787
95 57 8.281
97 76 9.027
96 76 2.186
94  2 8.176
91 17 5.214
95 41 9.855
75 65 6.432
93 77 5.990
46 36 4.239
88 72 4.613
65 45 2.539
79 66 0.771
99 74 2.869
38 28 7.141
61 34 5.419
13 12 2.863
72 40 9.615
79  7 7.422
39 15 1.228
33 31 3.792
97 88 3.471
94 87 2.211
89 38 4.007
30 22 1.508
17  3 3.263
91  9 0.280
39 16 8.487
96 25 3.671
96 62 5.585
33 28 7.904
93 59 9.183
64 38 2.782
38 14 6.180
89 23 6.865
37 23 6.385
70 42 5.772
87 23 9.923
97 82 8.895
97  8 4.274
57 37 5.695
96 15 4.738
79 47 5.831
80 39 8.296
78 40 6.752
22 14 9.186
82 32 5.754
98 36 6.227
96 16 7.243
65 29 6.719
57 36 9.302
36 17 9.327
86 51 2.851
57 18 7.372
18  9 0.903
85 51 10.001
82 61 4.874
72 34 5.663
89 62 7.304
94 61 7.080
99 63 7.191
64 26 3.327
49 48 4.412
38  7 2.648
66 41 0.556
91 39 6.839
82 65 1.085
56 21 6.788
61 54 3.304
43 20 3.327
60 41 10.036
51 34 8.095
62 53 7.206
45 15 7.754
67 62 7.131
29 14 5.611
52 20 1.831
69 52 5.104
66 39 6.576
15 10 2.968
40 35 8.745
81 35 7.690
76 64 1.202
43 36 8.034
59 52 0.451
79 48 8.038
72 18 8.501
91 47 7.812
32 30 2.858
98 11 9.103
40 16 4.989
86  5 3.522
99 62 3.298
69 32 4.143
69  2 2.670
78 34 5.222
98  2 8.549
54 10 6.363
96 58 1.017
51 31 3.922
88 46 6.979
56 42 3.291
53 12 8.632
39 13 4.009
99 13 2.494
26  1 6.896
86 46 2.993
56 17 4.489
82 80 8.261
80 37 7.922
35 30 0.325
66 55 8.311
53 50 7.168
37  9 10.015
74 32 1.739
58 22 6.057
26 12 6.408
30 13 5.167
64 53 7.007
85 71 3.838
91 62 5.936
64 48 8.760
83 65 2.058
66 35 7.217
47 28 0.824
85  0 5.737
64 63 6.818
95 83 3.884
80 40 2.293
62 48 3.633
60 27 0.267
42 13 7.915
76 27 4.552
83 28 4.262
78 25 5.294
97 28 5.887
87 14 1.680
46 25 9.989
78 55 4.376
84 23 8.450
92 22 2.811
70 66 9.208
92 74 9.429
82 62 0.535
36  8 1.668
96 84 3.956
 9  0 6.079
41 20 1.105
79 67 5.242
46 11 4.553
82 55 0.820
74 67 8.668
88 50 9.256
53  8 3.516
51  4 4.880
96 72 3.825
39 31 2.470
48 11 5.161
75 72 0.926
81 69 3.340
54 31 6.707
73  6 7.084
47 44 9.160
75 47 2.128
61 16 1.628
70 58 6.329
67 10 6.133
96 67 6.303
97 18 4.707
91 82 6.236
32 28 3.148
90 54 7.805
54 42 6.966
73 20 8.549
33  1 4.949
68  9 7.077
56  7 1.299
78 73 1.936
60 40 5.007
78 39 2.487
92 18 9.586
92 23 7.145
74 41 2.067
80 15 3.092
57  8 9.627
28 17 6.373
11  5 0.627
80 11 4.783
70 16 9.788
22  8 6.880
74 68 9.397
59 24 2.402
15  7 5.313
80 36 6.877
74 63 5.083
65 21 9.151
89 47 7.073
40 36 4.027
86 79 6.525
70 38 7.343
65 50 2.128
82 53 3.053
99 70 9.187
99 12 6.904
99 91 3.293
72 56 2.629
81 51 7.699
89 75 3.402
48 27 5.480
82  3 4.838
72 51 9.472
50 14 7.278
67  1 6.490
79 31 2.094
81 44 4.914
81  0 4.164
95 91 3.000
78 22 1.532
24 15 5.456
65 22 3.992
69 58 5.713
54 17 6.060
53 11 0.753
76 56 6.353
73 56 0.491
60 44 8.659
74 56 1.820
31  8 5.372
54 37 4.403
71  0 0.264
75 31 3.869
65 60 1.927
72 15 9.846
63 59 3.956
39 24 8.455
93 92 1.622
60 24 3.680
76 53 0.934
77 10 9.614
79 61 3.549
78  0 6.393
84 44 8.653
85 12 7.183
65  7 4.112
44  9 4.534
16 11 7.294
64 33 9.462
92 90 8.072
93 41 6.281
89 55 8.023
74 40 6.954
83 18 8.299
82 43 9.183
90  3 8.076
37 11 0.788
42 24 1.615
84  0 6.814
60  8 0.283
79 62 2.840
90 73 3.364
52  1 3.565
93  5 0.422
97 59 8.570
68 26 2.450
57 56 6.814
40 31 7.670
89 73 9.623
89 56 4.388
83 10 8.601
48 13 9.281
58 31 7.596
23  6 9.428
42  1 3.521
63 38 8.162
94 48 2.269
81 45 3.987
58 10 8.113
90 51 3.091
50 19 7.022
95 25 3.043
55  1 1.180
79 32 9.036
89 61 6.786
19  2 7.899
93 67 2.606
99 39 0.530
80 64 2.696
62 23 5.821
85 66 1.477
95 93 8.485
71 19 8.041
43 30 5.653
69 60 6.499
27 16 8.872
95 73 9.640
72 16 3.942
51 27 3.908
64 27 8.364
98  0 4.609
81 16 6.853
87 70 1.748
35  1 9.553
52 34 8.592
89 83 1.544
87 22 3.674
66  0 2.246
83 17 2.297
83  8 3.228
43 40 8.246
11  9 3.174
18  0 10.086
32 27 6.757
91 53 8.420
33 10 4.386
57 31 1.588
85 52 7.348
61 21 4.916
72 11 9.676
52  4 10.014
76 29 8.588
69 21 0.737
85 63 7.248
33 20 4.573
99  2 7.393
65 23 6.878
89 14 3.123
66 26 4.835
89 78 0.428
70 24 9.788
74  2 4.788
11  2 3.059
78  7 4.399
48 45 8.167
83 19 9.106
72 44 0.201
45 16 7.598
91 34 7.498
32 13 4.742
53 10 0.159
67 46 3.023
76 11 7.441
33 30 2.317
34 12 4.641
13  8 8.619
66  9 3.146
56  1 0.895
53 18 9.210
81 10 0.280
87 56 9.238
95 40 9.078
70  5 6.122
93 35 7.205
29 17 5.159
82 22 8.256
86 21 2.217
62 60 4.152
81 25 6.245
15  3 2.261
77 45 1.899
58 37 9.338
34 32 9.259
81 63 2.939
74 29 3.126
43 15 1.480
63 60 0.835
71  5 7.671
67  0 1.323
80  3 7.575
40  7 3.280
96 41 1.712
93 20 9.071
52 42 6.902
72  6 6.031
70 59 6.964
21 10 3.148
64 28 8.647
62 21 4.567
42 10 7.490
91 87 4.140
80 77 2.826
72 53 3.310
85  9 5.527
29  9 3.283
96 35 1.711
19  9 3.151
48 22 0.484
71 41 7.301
38 26 8.911
51 21 2.002
95 28 1.582
73 68 9.737
92 55 6.538
73  1 2.542
91 88 3.090
50  3 5.446
35  9 6.764
80 52 9.277
33 32 4.732
54 30 9.590
32 19 5.925
54 35 5.666
95 52 7.436
72 28 9.523
52 37 9.461
59 20 0.769
70 65 7.077
89  3 3.957
51 44 3.532
79 12 6.412
99 79 6.373
12  3 5.218
68 41 5.585
72 61 6.781
93 56 9.538
39 37 3.013
44  7 5.276
96 42 8.664
88 55 4.432
40 38 9.114
96 74 0.786
26 19 3.778
62 35 1.628
83 31 6.947
17 14 2.087
94  5 5.069
95 75 6.187
67  3 4.918
48 32 6.657
78 30 3.456
96 23 8.518
80  4 8.868
24  7 9.180
99 58 0.399
55 31 5.867
50  8 0.946
63  2 8.510
52 18 2.165
48 14 0.210
61 30 3.249
43  2 0.291
87 65 2.746
76 59 3.773
57  3 7.982
95 12 0.474
94 75 2.717
66 51 4.355
27 13 5.652
80 42 7.981
91 29 2.902
95  6 4.688
79 18 3.736
66  8 6.436
 8  0 2.113
98 52 0.135
73 31 5.279
59  6 0.659
77 24 0.648
94 30 7.878
68 14 0.561
83 42 1.321
95 66 6.512
34 22 1.263
48 12 3.484
70 41 7.350
89 30 6.633
67 20 6.608
42 22 2.489
93 85 4.355
18  5 8.520
60 43 9.550
92 82 6.343
86  7 1.545
81 11 3.483
71 22 8.336
32 20 3.247
52 32 1.010
69  1 2.334
72 17 2.068
77 40 7.183
69 36 9.928
65 13 0.614
72 24 9.251
40 27 7.967
50 20 3.653
45 13 6.524
83 71 4.564
74 50 8.215
32 26 3.099
59 43 4.739
93 91 4.140
35  8 9.620
93 19 8.385
84 74 7.256
42 14 1.648
93 82 0.310
28 14 4.507
84 11 7.170
81 72 2.040
83 12 7.821
99 40 1.952
25 12 8.866
79 22 2.579
70 34 3.896
56 27 6.733
39  9 3.657
97 77 5.364
98  6 8.392
93 33 7.891
86 65 4.014
62 29 8.081
79  8 8.862
84 54 5.327
25  0 8.876
75 45 10.079
74 37 4.206
98 78 2.183
35 28 7.650
80  2 1.390
39 17 2.885
47  8 0.511
19 11 2.810
88  4 1.411
52  0 9.434
88 69 9.403
78 31 1.371
18 10 4.123
95 36 3.445
62  1 2.892
65 14 1.503
96 18 0.526
68 31 9.782
98 41 8.218
45 24 0.618
88 67 7.088
91 27 1.430
87 81 0.638
63  7 5.097
97 43 2.418
74  8 1.803
74 46 1.861
55 37 4.357
86 58 5.652
35 27 2.426
41 38 3.368
99 53 2.435
27  0 3.670
87 18 6.703
66 37 2.881
38 23 4.576
23  5 9.740
98 35 5.349
48 35 1.420
63 12 6.423
39 18 2.363
76 49 4.990
66 40 3.527
33  3 1.673
 7  1 7.562
63 51 6.899
93 76 8.455
55 13 5.240
83  6 8.712
86 18 5.861
95  5 8.315
85  7 0.638
80 32 2.259
82 34 8.642
85 74 0.875
94 79 0.928
96 64 1.960
67 22 5.953
60  5 1.259
96 49 6.759
97 71 6.327
27  7 7.433
59 14 6.935
12  6 1.130
63 61 3.563
78  3 7.041
39 12 2.439
64 37 1.660
28  4 7.712
78 71 9.330
58 25 2.586
29 26 4.730
86 70 4.579
86 43 1.682
49 10 8.370
57  1 2.933
41 14 9.995
21 13 4.251
75  1 2.702
82  6 9.549
99 37 7.714
94 80 8.620
39 22 7.622
30 21 8.166
60 12 4.270
92  4 5.437
84 13 7.150
41 21 3.042
45 28 3.585
96 80 3.390
52 27 3.270
21  7 1.679
80 59 1.342
63 10 9.626
84 20 1.720
27  9 9.666
96 51 4.232
51 29 6.522
82  9 5.090
51 22 6.381
97 15 6.370
58  1 0.606
96 75 0.515
52 22 4.452
91 50 5.761
80 67 5.707
80  1 1.764
55 44 8.839
81  1 0.277
99  0 3.726
83 81 4.576
60 19 0.590
86 24 7.045
55 27 5.646
69 34 7.163
87 19 9.740
74 13 5.188
89 63 5.956
39 32 1.285
45 37 2.703
87 49 3.062
55 38 0.900
71 29 3.395
79 63 8.610
66  6 3.507
45  1 0.569
27  5 9.591
34  1 6.987
67  2 1.813
63 18 1.881
51 18 4.117
80 30 8.778
80 54 9.045
79 25 2.395
18 13 4.764
50 46 1.011
84 66 5.386
85 80 2.660
94 15 0.118
74  1 10.059
44 36 5.614
88  1 6.227
79  9 8.050
96 85 5.759
71  2 0.747
60 20 2.825
90 11 9.400
57 33 1.810
98 85 5.530
62 19 3.330
31 18 4.207
15 14 0.665
73 25 7.417
32 10 7.886
95 65 5.981
85 24 8.815
68 37 1.416
53  9 5.660
90 81 9.054
24 18 8.564
75  7 4.066
77 35 6.195
56 38 1.185
61 22 0.467
99 67 5.901
79  5 5.642
90 21 5.860
77 59 1.687
24  5 3.992
25  5 1.416
66 48 3.244
83  4 3.192
82 14 4.524
60 45 2.788
70 62 5.991
42 39 3.796
34 24 7.223
76 15 9.486
61 51 2.581
60 33 3.353
32  2 0.956
99 23 1.217
65 64 0.897
87 53 9.567
86 36 0.738
93  0 6.872
89 69 7.293
72 62 0.497
51 36 0.787
93 84 7.126
91 75 2.770
15 11 10.082
25  7 1.391
83 16 3.580
52 14 3.519
15 12 2.970
77 23 9.847
20 16 6.262
33  0 7.417
60 59 9.737
 9  6 6.538
69  4 0.486
35 15 7.149
84 83 4.321
81 60 1.357
75 26 7.815
75 54 2.028
69 13 2.612
61 47 2.336
19 12 1.849
92 85 0.526
98  7 4.703
95 37 3.481
87  9 6.275
54 32 2.472
58 15 1.714
69 38 3.319
75 71 2.636
77 69 0.613
49 47 3.158
76 26 4.993
61 31 10.087
53 14 9.284
99 25 9.317
80 56 9.398
63 33 9.942
35 11 7.927
56 45 5.466
21  9 6.494
62 32 9.979
85 25 0.165
88 19 7.619
32 24 9.734
95 92 5.144
83  5 9.021
35  0 2.362
87 25 7.869
86 45 8.531
90 23 5.755
77 55 7.394
75 63 4.817
90 52 3.544
98 34 8.597
22 15 8.769
41 15 0.235
90 78 4.087
10  8 7.710
81 20 3.632
92 17 7.993
61 38 6.513
85 15 2.033
63 11 5.724
96 50 5.029
69 46 7.489
73  8 1.919
19 16 1.607
48  0 6.051
89 64 5.757
34 15 4.338
67 15 7.607
82 31 2.594
68 51 5.806
15  9 1.186
83 22 9.097
48 26 9.401
47 32 6.885
29  3 7.904
74 11 4.013
77 33 3.897
28  0 7.089
43 38 9.906
65  8 5.413
42 16 3.070
93 81 4.883
95 38 9.621
66 25 5.829
37 14 6.324
71 66 0.722
89 19 9.079
77 52 4.108
82 50 5.010
69 16 8.499
84 62 6.023
54 49 0.526
18  3 9.258
71 36 5.434
45 11 9.062
98 22 0.433
87 45 7.251
78 54 6.953
63  5 9.773
95 47 6.539
73 61 6.601
86 61 7.079
64 45 7.542
59  9 4.844
86 44 0.829
89 49 5.482
63 46 5.896
88  7 1.803
71 70 7.110
63 49 7.097
62 45 4.045
93 87 3.352
85 56 7.416
87 57 5.027
70 51 6.052
64 44 0.920
93 37 1.828
50 44 8.211
14  1 8.937
32 12 0.197
89 65 9.390
99  5 5.773
71 21 0.248
66 23 2.500
83 53 1.119
47 34 5.268
28  8 5.327
68 55 6.300
62 54 8.404
50 13 6.781
87 33 8.818
98 29 5.230
31 30 1.510
88 40 1.480
44 21 2.432
10  3 4.796
64 60 0.928
38 22 5.622
73 39 3.314
75 18 7.167
83 35 5.882
93 48 4.691
15  5 8.969
83  0 1.678
99 30 6.251
99 28 5.362
68 29 9.014
59 47 3.912
99 11 7.531
70 30 7.540
57  4 4.584
62 38 10.065
14  8 2.217
71 56 4.367
36 30 0.774
56 30 7.994
51 35 1.984
 5  2 8.359
88  2 1.473
81 36 6.577
64  3 9.971
71 47 5.164
78 53 2.252
37 26 8.127
54 20 8.937
91 22 2.886
92 91 8.520
24  6 3.046
71 13 6.715
90 75 1.615
95 88 8.723
89 35 6.407
98 97 0.141
76  3 8.873
26  7 6.583
30  6 3.375
98 87 3.038
67 66 6.624
94 54 8.742
95 44 5.084
98 12 9.528
88 27 8.502
97 40 9.795
82 44 9.006
84 69 6.136
38  8 0.703
29 16 8.567
34 25 4.911
61 37 4.866
98 31 2.437
61  6 3.370
96 45 5.331
32  5 2.250
36  7 9.488
70 48 1.835
96 11 0.437
37 32 2.873
38 37 9.520
58 30 8.996
68 20 6.093
 9  7 6.727
64 50 0.637
43 32 7.590
93 31 6.816
74 62 4.396
92 69 7.852
23 19 5.765
72 14 9.706
39  6 8.735
67  5 7.999
68 23 5.162
57 20 7.417
96 26 9.651
85 13 1.939
80  5 9.946
97 23 8.329
85 55 6.698
72 66 0.437
80 53 1.243
86 10 8.242
93 23 2.109
93  8 9.412
48 38 3.929
56  4 7.725
64 57 6.923
44 41 1.945
45  8 8.465
39 30 2.060
92 33 5.541
96 48 4.801
88 36 4.704
40 34 1.458
85 49 8.063
45  0 5.143
68 38 2.190
92 35 1.661
37 19 9.810
78 61 1.019
80 13 6.951
86 78 7.673
51 41 6.162
74 59 6.196
96 81 1.251
97 53 10.079
78  9 3.583
89 76 1.953
57  5 9.558
53 19 1.925
66 19 1.389
86 47 7.958
69  7 8.026
99 16 8.053
91 80 3.994
57 35 8.704
43 23 1.033
92 34 4.076
92 65 8.302
33 21 0.331
87 35 9.130
38 12 5.820
78 21 3.223
89  5 6.213
46 39 3.153
19  3 0.353
89 46 0.827
20 14 6.061
86 25 4.668
59  0 7.970
65 28 3.087
45  3 7.321
97 32 1.002
37 36 7.421
69 30 6.055
92  9 7.855
50 39 7.428
66 29 10.094
99 68 4.869
96 34 7.537
21 18 1.532
74 53 6.963
 4  2 1.450
85 33 6.677
79 13 3.922
61 55 5.645
55 17 0.680
24  9 4.288
83 77 1.218
94 44 7.048
85 37 7.033
76 71 8.377
97 64 1.090
60 58 4.054
31 11 7.916
70 35 3.002
41 40 0.921
51 49 1.353
 4  3 4.946
87 46 9.656
87 48 3.259
13  5 0.333
36 14 4.596
29  4 0.824
28 19 2.322
77 20 3.427
71 24 6.396
71 11 4.526
80 57 9.188
91 43 0.199
14  3 4.490
91 58 0.743
87 82 5.253
54 48 1.298
83 76 1.671
95 55 0.745
97 16 5.714
52 50 9.230
40 19 7.640
61 45 9.905
48  7 4.555
17  6 5.158
43 35 8.447
50 24 5.371
99 85 4.768
81  5 4.644
35 23 4.669
90 53 5.825
85 69 0.948
84 71 4.242
75 16 0.655
62 37 0.681
59 42 0.264
30  0 3.648
46 42 7.374
30 25 1.230
87 30 8.016
27 11 0.116
76 74 0.439
54 16 1.477
72 63 5.419
98 79 8.722
82 69 0.863
64 17 8.357
33 18 9.801
65 20 9.125
74 52 8.123
49  8 0.444
 8  2 0.626
74 16 8.758
93 71 3.299
62 20 1.673
90 58 7.596
40  8 4.527
77 58 0.358
91 30 2.453
57 39 7.140
64 35 7.417
65 19 6.613
76 35 1.808
37  3 5.159
33 16 5.436
38 33 9.483
67 11 8.416
69 44 0.420
83  1 0.458
60 49 8.887
56 50 5.271
21  8 7.525
97 37 6.359
28  2 4.355
97 52 4.414
49 18 7.843
30  1 7.537
85 47 3.631
87  0 9.223
94 59 9.055
77 70 5.333
70 17 5.536
57 32 8.119
68 66 10.009
68 35 7.315
77 13 9.852
86  3 0.916
99 95 9.532
90 62 2.159
53 44 6.034
90 86 3.152
73 21 4.034
 9  4 3.842
87 13 5.475
92  3 9.228
48 19 6.193
68  4 8.493
94  7 1.103
31 16 3.325
71 26 5.354
48 37 1.686
34 16 9.542
68  7 7.116
19  1 4.694
49 27 1.451
70 64 4.988
59 29 1.380
77 17 2.685
49 16 0.475
94 24 6.780
75 56 0.292
90 77 9.311
42 18 3.066
57  0 4.263
76 28 0.711
36  5 2.490
81 66 5.468
43 28 5.751
43 18 9.027
89 74 7.611
24 19 1.625
76 57 7.224
84 18 5.384
95  8 0.485
54 50 4.079
92 63 1.990
64 58 7.518
99 89 4.362
78 76 3.979
98  5 1.323
20 12 2.933
43 27 5.558
34 19 6.065
44 11 9.330
93 58 4.003
78 66 7.950
87 17 4.077
74 36 7.917
45 20 7.393
87 36 9.665
42 35 6.158
92 71 4.167
90 83 6.100
86 57 1.887
85 10 7.239
72 71 6.905
95 50 3.651
54  3 9.209
34 17 7.602
60 22 6.027
35 22 1.733
78 13 4.898
60 53 8.284
76 21 3.944
79 17 6.258
85  6 7.400
75 17 8.498
68  2 7.042
59 35 8.489
25 10 7.528
67 41 2.620
47 45 4.976
85 32 10.072
86 28 2.909
52 17 7.189
 6  3 4.848
88 68 9.622
99 35 1.059
78 28 9.841
60 52 3.254
98 25 3.950
93 29 3.055
66 53 8.735
40 12 2.800
80 71 4.265
41  5 9.121
57 26 9.953
39 26 4.756
41 10 1.250
51 20 8.767
70 19 7.420
66 17 5.169
94 57 6.374
54 41 4.824
55 54 3.984
75 44 6.872
87 62 8.843
95 22 1.282
61 24 1.739
56 33 0.946
77 73 6.640
70 52 5.774
50 27 5.620
93 27 8.610
73 34 8.273
85 72 3.123
64 29 0.389
85 18 3.312
84 16 4.133
55 40 0.277
29  6 8.544
79 16 1.284
69 25 2.948
97 67 5.340
58 42 7.799
83 39 2.734
69  5 8.622
51 24 3.497
69 67 9.511
78 46 8.029
68  0 9.576
30  4 5.733
98 68 9.567
45 32 3.753
31  1 0.267
74 28 0.423
41 19 4.410
 7  0 6.210
74 38 0.222
79 65 8.600
63 42 8.416
75 55 0.435
29 19 5.155
71 45 0.868
30  3 5.760
51 19 0.114
42 38 1.544
19  5 6.617
93 49 3.480
24 20 4.562
69 22 0.816
78 24 2.304
60 34 8.617
67 52 10.018
89 22 0.754
90  7 1.243
56 14 9.760
50 40 4.268
63 21 7.222
41 32 9.005
86 71 2.386
25 15 7.904
31 12 8.686
96 90 0.844
76 58 1.432
92 51 0.888
62 33 7.231
60 57 5.021
55  4 6.293
30  2 6.261
80 45 5.823
96 59 8.242
74 34 4.936
81 73 8.446
96 20 4.215
76 18 0.998
95 54 4.359
96 33 3.111
54 43 3.439
96 95 1.282
90 12 9.410
73 11 1.012
90 29 0.908
83 56 4.327
93 38 9.730
75 58 6.265
82 37 4.395
18  7 7.202
87 29 1.624
43  4 6.701
75 30 2.396
73 36 2.359
56 22 4.395
83 72 0.610
97 63 5.310
74 35 3.689
52  6 1.294
16  1 6.713
87 15 7.066
 9  5 6.674
52 41 1.454
74 65 0.124
38 10 1.995
67 49 0.490
38 24 4.585
93 45 6.022
74 66 6.882
76 62 2.985
73 32 0.549
92 61 6.475
71 67 6.148
86 13 3.953
92 48 4.877
34 33 0.820
66 43 5.556
54 26 6.319
93 13 5.766
26 25 6.324
78 42 8.632
59 31 7.610
53  6 3.181
75 73 8.956
37 21 6.191
37 33 2.754
96 70 7.078
58 44 3.726
45 26 0.992
27 19 2.179
95 49 4.943
97 84 0.704
60 48 0.118
32  6 3.553
94 51 1.433
62 51 3.298
40 32 9.993
80 29 8.770
20 10 6.254
26 23 2.657
74  3 9.450
95 85 4.111
42  8 1.246
36 19 1.781
12  5 9.744
87 43 7.563
85 19 0.883
92 28 3.364
51  8 7.774
78 65 3.509
22 19 7.887
34 28 7.620
59 49 6.001
69 45 6.498
28 27 4.483
82 58 7.555
73 12 5.132
72 41 4.166
96 94 4.044
37 18 8.908
80 69 1.685
91 73 6.196
59 37 5.371
27  4 5.660
11  3 5.350
 8  6 0.363
55  8 5.707
47 31 7.119
56  6 2.325
77 36 1.531
75 42 4.328
47 33 0.143
63 29 7.965
58 52 1.783
86 38 0.104
61 36 9.912
66  1 4.415
76  1 7.375
77  9 8.576
18  4 2.994
31 10 9.613
71 46 4.981
95 84 5.139
50 43 7.143
80 78 6.005
26 18 7.251
13 10 1.556
72 57 8.333
80 75 2.955
63 47 1.046
62 36 4.963
61 39 2.910
86 83 0.327
78 48 1.591
50  7 8.855
96 22 8.729
62 41 0.389
61 58 4.857
58 14 9.117
95  7 7.045
69 11 3.515
72  2 0.270
89 12 5.084
37 34 4.137
46  7 0.549
44 32 1.304
 5  1 5.876
92 49 0.784
10  7 4.330
10  0 1.972
91 41 2.815
87 73 0.355
92 43 3.872
96 61 7.140
13  1 9.682
44 30 7.454
83 41 1.924
98 90 3.491
76 23 1.936
75 39 8.269
97  4 5.990
82 79 2.465
58 23 0.515
59  3 8.450
96 68 5.762
56 41 9.075
20 11 2.638
75 62 8.477
80 70 6.934
86 20 1.605
97 81 4.954
56 35 4.436
87 28 7.457
54  6 7.712
94 92 3.323
81 78 3.391
55  2 4.172
57 46 3.071
84 79 9.417
44  5 5.793
67 14 1.595
61 14 3.695
47  5 5.097
73 44 8.247
91  0 6.175
69 54 2.386
79 71 6.020
45 22 4.659
99 88 6.323
 5  3 1.469
78 67 5.518
90 49 3.886
65 16 2.746
94 65 1.265
72 19 0.104
98 15 1.935
78 26 6.677
81 55 6.007
96  4 7.211
67 65 1.963
79 75 1.900
46 38 4.727
75 34 3.818
33 14 0.606
55  7 4.703
74 31 6.293
43 31 2.961
53 34 8.123
49 19 2.081
74 61 5.040
75 13 5.484
79 19 3.279
 3  0 2.114
44 19 5.343
69 65 6.272
14 10 4.858
69 64 2.144
28 11 1.431
51 15 2.123
76 48 9.608
39 34 6.949
64 62 10.032
94 46 3.870
92 27 2.552
74 25 3.657
68 53 3.436
39 29 4.109
70 50 1.229
75 70 1.546
59 10 6.061
65 41 6.173
43 13 2.964
91 10 5.675
82 28 9.532
44  8 9.499
78 38 6.073
84 25 7.599
17 16 7.493
72 60 9.697
52  7 4.464
72  3 1.111
98 72 1.321
90 25 8.176
92 58 5.061
94 67 6.162
55 50 0.768
93 73 9.736
51 32 1.648
44 40 2.915
44 12 6.888
92 68 0.275
67 43 5.192
63  8 3.426
90 89 6.723
46 17 0.484
94 74 8.344
68 46 7.361
41 24 4.094
53  1 4.084
72 59 5.172
88  0 4.359
63 14 7.316
22  2 9.603
99 34 2.884
72 70 9.470
91 56 5.622
94 35 1.525
82 75 9.231
72 49 8.522
67 28 2.817
62 31 7.937
19  0 8.888
47 20 0.991
29 28 5.803
89 24 6.833
64 19 9.987
23  2 8.934
57 12 5.575
93 25 0.101
96 52 3.806
66 10 6.841
93  1 4.712
70 13 8.555
95 30 7.730
51 11 6.013
73 17 8.152
50 29 8.870
91 31 6.156
73 13 0.115
59 57 6.791
51 48 2.109
42 21 8.694
77 50 5.823
89 81 6.359
91 83 4.241
91 63 4.241
49 34 9.795
72  4 8.609
81 71 0.311
31  6 5.236
74 27 5.155
55 41 5.373
62 40 9.945
73 46 4.176
66 12 2.238
49 15 8.414
18  1 3.656
17  4 7.955
53 28 8.043
83 43 7.643
58 18 0.437
86 67 4.121
89 16 8.241
24  0 8.646
10  2 1.127
85 44 2.490
81 48 9.671
76 68 6.878
95 89 1.230
42 12 4.958
98 65 1.841
47 41 6.299
20  8 1.680
48 39 6.163
84 36 8.222
60 13 0.671
84 50 6.673
77 12 7.497
34  4 2.693
80 51 9.685
85 64 9.466
92 77 4.619
16  8 4.188
39 36 6.002
73 10 8.156
48 23 2.239
91 46 1.241
66 24 1.039
55 49 8.536
76 31 4.454
59 33 3.181
92 42 0.739
54 36 7.742
67 18 9.969
87 58 1.692
62 46 6.802
50  5 7.305
63 45 3.520
45 14 4.830
67 16 7.890
79 10 9.008
49 14 3.761
93 26 9.190
85 68 0.456
57 28 7.010
90  0 2.309
68 42 9.330
82 29 3.400
54 46 9.019
85 57 7.704
86  1 7.620
84 38 1.361
46 33 5.452
42 30 8.545
73 45 4.535
84 49 0.154
 3  2 2.806
44 33 4.402
86 11 6.603
99 78 7.924
45 23 7.537
49 21 9.852
58 41 3.895
38 11 3.500
58 46 3.253
75 50 1.542
68 59 6.331
94 31 6.725
35 19 8.433
33 25 7.382
63 37 3.682
83 57 6.575
94 17 1.779
22  7 8.401
55  5 5.896
97 69 0.259
87 38 1.779
24 11 3.807
18  2 9.621
96 30 9.781
61 44 7.165
13  7 3.987
71 57 2.120
97 50 7.362
96 55 1.763
23 22 0.888
95 64 7.801
71 58 4.482
44 35 9.924
79 15 3.168
93 43 1.389
65 47 4.533
96 46 4.935
73 29 9.349
91 60 7.403
87 34 8.341
80 61 5.455
96 40 1.176
83 66 3.982
48 34 5.908
84 14 2.554
49 46 9.699
74  6 3.340
62 15 7.694
79 74 3.026
99 38 3.882
88 18 8.221
84 81 8.322
91 52 2.159
52 26 7.535
68 62 2.935
61 12 7.637
79  3 2.973
56 49 6.203
79 73 5.910
88 31 4.999
94 12 7.277
82 41 1.302
47  9 3.295
45 21 5.629
65  0 2.147
87 59 1.822
88 75 9.664
77 53 2.856
41  1 0.244
44 17 2.907
92 60 6.930
72 36 4.155
69 26 1.972
 7  3 9.402
87 16 3.197
72 26 4.404
67 27 8.342
98 80 7.932
60  0 1.944
45 27 8.952
70  4 0.363
94 19 0.149
75 29 9.686
50 49 4.374
52 38 7.392
75 40 2.720
89  6 2.976
16  2 3.509
86 15 8.659
64 14 5.725
84 52 6.408
80 24 6.500
80 55 9.927
97 95 8.673
72 39 3.693
12  0 1.433
90 66 2.952
79 44 7.245
78 27 3.241
84 29 8.741
73 53 3.015
25 18 2.671
75  9 3.668
26 24 8.448
86 77 5.646
19 15 8.091
97 94 3.211
61 60 5.678
99 83 4.165
87 24 0.703
29 21 7.763
72 22 4.868
93  6 1.949
81 28 5.091
27  8 9.104
96 21 3.856
20 15 4.533
99 49 9.249
83 68 6.694
92 72 4.447
42 19 8.060
83 23 8.334
91 79 8.914
48 42 4.849
36 22 3.983
23 11 3.770
80 17 1.877
28 21 4.920
87 78 7.343
75 14 8.617
31 23 8.384
85 46 9.991
65 49 4.422
82  0 0.930
89 58 7.962
94 22 8.955
81 64 10.086
90 69 1.749
98 44 1.271
86 60 8.965
76 47 9.128
97 66 7.198
47 13 8.448
46 12 7.023
99 24 7.974
72 43 7.174
50  0 6.700
63  4 4.454
47  1 9.206
55 45 8.402
83 11 3.892
79 30 3.537
33 13 7.511
54 33 1.732
77 64 6.893
93 12 0.367
90 17 5.050
62  8 9.781
70 20 6.271
88 24 5.083
47 36 0.631
40 22 4.973
50 41 0.518
98 89 0.975
74 14 5.050
81 50 10.000
82 13 0.482
78 58 10.021
26 22 1.154
68 58 7.444
60  4 7.048
78  6 2.457
78 49 1.960
56 23 8.003
91 35 4.596
42 37 6.335
 7  5 5.304
47 25 1.097
73 51 1.070
59 21 5.301
42  0 2.887
78 45 1.524
54 28 3.381
56  9 7.240
71 44 8.699
73 22 2.180
12  8 8.522
35 24 5.780
38 13 9.222
87 40 2.361
46 19 5.352
71 54 10.011
49 28 4.755
81 39 9.327
80 28 0.718
91 89 7.086
93 34 9.289
97 30 7.399
89 67 5.063
28 12 6.748
55 53 4.388
33 22 0.445
84 10 2.617
68 12 1.090
59 55 4.738
89 51 6.257
24 17 0.104
44 20 1.768
53 45 5.361
86 82 4.758
64 40 4.160
57 23 5.877
67  4 0.287
60  1 9.052
68 57 3.003
65  4 2.615
97 33 0.947
97 38 9.658
68 52 5.068
61 42 4.797
58 47 5.728
70 46 5.499
92 11 1.137
27  3 0.607
73 16 3.910
58  9 6.008
59 17 3.170
85 62 6.372
91  3 2.460
84 35 4.077
40 33 10.043
98 88 7.974
75 28 6.131
69 47 3.760
63 56 8.454
29 24 4.694
53 35 4.317
61 27 4.816
89 25 8.115
11  7 3.108
48 46 7.168
83  2 7.301
20  3 1.411
88 74 5.439
81 31 0.457
87  4 0.987
72 48 4.154
99 48 7.531
43 17 3.751
66 62 7.405
79 64 5.770
82 17 9.828
95 78 6.767
95 27 5.975
26  9 6.745
80 10 2.800
70 15 6.832
54 40 6.273
85 14 4.543
71 59 1.924
82 33 1.438
89 42 9.210
82 63 8.610
35  7 9.810
97 89 5.883
58 43 3.534
57 22 0.303
81 67 2.678
39 14 0.182
53 40 4.235
81 29 8.082
74 19 2.274
54 24 9.065
98 86 8.112
76 16 6.168
85 41 8.056
93 66 0.825
81 38 3.070
72 64 2.681
51 28 6.802
82 18 4.835
92 59 7.964
69 50 6.985
95 53 2.546
25 24 1.074
70 39 1.560
95 67 8.948
70 55 8.012
70 23 0.628
53 26 7.902
31  9 1.394
81 53 7.754
36 25 5.284
34  5 6.891
67 32 0.336
74 72 3.698
98 17 9.745
76  4 4.647
28  7 4.467
61  7 0.228
15  4 3.294
68 67 8.656
97 78 9.004
98 91 6.678
38 29 0.632
53 21 1.216
98 61 1.118
87 83 4.614
78 10 6.121
91 51 1.664
82 38 7.807
96 14 4.512
98 81 9.924
24 22 2.650
17 10 5.650
84 51 9.235
80 19 6.195
69 23 3.768
75 15 1.162
31 25 0.337
90 31 8.339
62  5 3.842
95 51 6.202
91 36 2.591
77 29 7.484
32  3 1.954
50  1 3.701
16  9 0.261
40 17 5.936
93 75 3.219
35 33 4.121
92 64 8.869
92 88 5.082
94 62 5.921
11  4 2.263
89 20 4.701
43 37 8.543
19  4 2.936
41 22 3.838
74 55 10.082
87 67 5.299
88 34 7.934
59 51 0.577
84 42 5.203
58 20 8.201
78 74 2.068
68 43 4.098
47 38 7.973
66 31 5.850
80 16 2.159
90 79 2.709
84 46 0.329
43 25 8.956
76 41 7.516
88 26 1.833
87 27 2.121
51 14 0.358
59 27 1.239
85 60 3.889
54 38 3.367
67 39 9.813
91 38 4.907
99 15 9.961
78 63 5.439
43 12 4.604
26 11 7.660
82 76 3.166
48 47 4.514
81 49 7.332
91 59 4.556
86  6 5.317
94 83 2.278
50 26 5.825
93 89 0.481
22  6 9.958
71  9 9.030
76 44 6.870
97 47 7.557
79 68 9.982
69 51 0.487
36  4 0.373
53 47 4.121
87 69 4.492
86 69 8.377
14  9 2.897
91 78 0.439
95  1 0.722
82 30 0.570
21  5 3.158
71 20 1.875
82 81 1.695
20  4 6.331
51 13 3.487
57 11 2.542
42  9 3.193
68 47 10.002
95 80 2.547
22 20 9.115
54  9 1.409
90 16 2.125
94 47 10.055
88 85 1.815
16  7 3.413
28 24 1.798
96  2 7.669
72 31 3.972
21 14 2.939
88 87 9.885
85 43 2.410
32  1 8.962
88 83 8.399
84 32 2.727
63 26 2.515
95 21 3.059
36 32 2.179
68 50 3.282
73 19 4.763
78 62 1.954
23 13 3.181
16  4 9.171
34 23 4.629
75  6 4.489
78  2 9.845
88 52 0.666
97 73 3.940
45  6 7.351
69 14 6.410
95 42 3.921
65 26 1.874
55 42 6.956
51 50 4.481
90 87 0.990
83 44 4.572
 8  3 4.369
80  9 4.918
90 14 3.962
81 32 4.252
58 39 0.908
97 96 9.794
73 55 9.494
75 51 7.646
35 10 2.345
72  5 2.340
90 13 4.304
79 70 9.966
37 10 4.105
73 43 4.991
97 58 7.060
28 18 7.972
66 60 3.530
88 45 2.053
41 26 6.720
83 33 7.142
66 50 9.396
90 30 3.993
75  3 3.661
88 80 8.499
52 49 3.461
73 26 7.726
80 62 7.583
43 33 2.908
45 30 5.071
40 24 8.210
99 29 0.441
51 12 3.727
61 56 5.291
70  8 5.907
56 25 2.816
84 58 1.192
69 39 5.974
79 46 3.582
46 26 8.618
63 36 8.106
42 29 8.239
76 45 2.593
53 37 4.811
31 14 8.525
52 13 6.634
91 20 8.121
86 80 2.701
61 15 9.136
77 54 5.568
59 23 3.216
66 59 1.922
52  2 6.902
66 32 2.130
20  0 8.777
28 23 9.055
59  1 1.354
46 27 7.873
86 30 5.111
71 35 3.248
27  6 9.224
63 28 7.691
52  5 9.089
87  8 8.882
93 64 0.203
93 15 8.184
47  0 2.364
67 45 2.788
16  6 4.172
88 17 7.352
64 11 1.999
79 33 2.784
98 75 2.220
62 26 2.137
83 59 4.907
68 11 0.445
67 37 5.410
50 23 3.798
42 15 3.816
80 34 7.005
11 10 2.780
11  1 7.847
65 12 7.845
57 45 7.614
59 32 3.060
50 25 7.753
64 56 1.648
22 16 1.025
97 42 8.738
20  5 6.370
73 47 4.173
73  3 3.055
30  7 1.564
49 13 6.708
62 49 8.088
66  7 8.845
88  3 4.884
92 16 9.787
97 22 6.745
35 26 2.080
44 18 8.525
34  6 7.589
68 19 3.559
45 39 8.007
54 19 3.142
59  4 3.932
78 33 7.275
81 13 9.090
99  1 6.195
66  3 4.719
91 15 9.511
44 27 0.860
63 35 0.343
75 38 2.834
97 83 5.156
22  1 3.268
26 13 0.349
95 29 1.869
83 40 2.095
92 25 5.703
87 86 8.556
97 92 4.504
62 43 4.285
65 58 3.469
52 15 9.058
71 31 7.527
10  4 9.251
93 63 5.751
58 16 9.449
45  4 5.491
54 11 5.548
97 54 8.992
80 27 6.504
53 43 1.340
56 40 8.226
67 31 4.543
94 33 7.922
57 52 8.429
62  3 5.137
88  9 4.835
81 18 8.418
 8  1 6.536
30 16 3.630
51  6 3.686
52 24 2.554
34 26 0.355
71 17 5.628
69 40 5.946
73 62 7.906
96 66 9.881
25 19 8.738
29 23 9.313
89 40 6.034
72  8 6.823
63 24 1.224
35 31 5.215
81  6 0.574
52 16 4.865
72 58 2.627
19 10 3.164
98 19 5.038
96 54 0.742
72 69 5.750
79 50 9.018
91 67 6.153
93 44 9.710
24  3 9.711
27 15 7.356
45 12 3.745
74 17 7.521
74 39 4.103
52 25 6.064
46 30 2.549
86 12 1.389
64 36 0.615
72 38 9.921
84 56 5.210
99 54 9.111
40 26 3.324
69 62 1.327
70  7 2.880
66  5 0.120
70 36 7.526
99 69 4.708
29 10 0.129
12  7 6.625
99 32 0.264
97 55 5.763
88 57 5.623
27 25 8.212
65 39 7.120
60 47 6.947
99 33 2.180
96 88 7.508
13  3 6.400
69 59 1.764
94 76 5.176
38 34 5.993
50 33 9.106
37 17 4.326
84 12 1.121
58 19 5.831
33  9 4.512
47 46 8.371
92  2 3.697
88 79 6.322
44 10 8.134
63 53 5.468
52 10 2.215
77 48 0.536
81 62 4.922
28 10 7.142
63 39 6.110
49 11 6.595
97 25 6.926
60 51 6.705
55  0 0.747
32  4 4.497
80 41 3.062
71 23 8.831
52 46 1.398
85 78 7.279
97 51 0.915
98 33 0.899
90 65 0.734
44 31 2.861
88 60 7.934
68 48 1.768
36 23 8.327
62 47 5.155
27  1 7.100
95 39 7.651
98 82 3.773
83 64 1.619
50 35 2.602
82 26 1.108
31  2 7.081
98 46 0.362
81 52 9.503
34 31 0.640
29 15 1.434
20  1 4.319
76  5 5.584
91 37 2.311
87 66 6.664
99 97 8.681
78  4 1.698
61 28 6.265
14  0 4.068
49 36 0.106
82 45 0.361
66 20 9.346
42  3 8.866
74 24 4.857
77 11 2.011
89 86 0.757
69 48 0.363
95 87 9.616
92 78 3.403
72 65 1.582
73 23 3.456
82 47 8.477
82 56 7.851
44 23 5.471
69 49 1.197
79  2 5.866
96 28 4.227
42  2 8.721
92 81 9.393
53 27 0.872
76 12 4.752
36 20 3.692
72 47 4.702
29  7 6.919
61 43 1.252
82 21 8.160
17  9 3.979
80 72 7.974
94 40 1.375
68  6 1.910
93  7 9.470
86 66 3.047
67 64 2.826
78 17 6.705
83 75 6.254
49 25 5.585
68 18 8.661
22 12 3.896
78 41 2.204
14  2 6.584
79 36 5.477
45  7 3.299
71 63 6.609
70  9 3.009
84 55 6.341
83 21 3.435
85 38 8.852
67 19 3.839
58  7 1.722
74 47 7.103
92 54 6.829
95 63 5.857
79 40 0.902
72 46 2.930
73 67 2.699
41  9 7.326
38  9 9.414
77 37 1.264
78 20 4.588
80 33 1.500
26  5 1.070
26  4 0.593
77 74 4.860
64 49 6.646
67  8 0.457
28 26 3.170
64 43 8.770
34 29 9.320
99 84 6.954
84 27 6.415
69  9 3.837
36  0 1.000
86 68 4.746
98 30 7.294
93  4 1.404
93 69 7.835
43  0 3.679
54 44 9.274
92  8 8.574
68 64 3.062
99 86 1.461
54  4 7.919
60 38 2.058
86 22 1.190
74 43 5.563
76  2 7.846
27 23 3.392
29 18 2.494
45 25 7.586
94 70 6.733
82 16 2.881
78 23 5.539
23 12 3.614
72  0 7.924
56  3 2.647
50 11 8.323
88 14 3.903
94 39 8.304
23 18 7.917
75 12 4.131
40  0 9.231
99 44 4.723
73 15 1.618
73 63 0.525
84 63 4.032
90 27 1.161
93 36 10.093
79 23 7.626
10  9 3.767
48  4 5.121
23 17 6.316
72 33 4.716
94 42 4.789
76 40 9.678
79 54 6.715
38 36 0.801
86 56 4.934
54  1 3.001
93 16 4.182
89 41 8.109
70 43 3.312
98 76 5.367
73 18 5.031
47 30 2.404
45 19 8.124
14  4 1.066
59 30 7.239
91 14 9.250
53 30 6.999
81 19 2.988
42 25 3.360
55 23 9.438
61 46 9.269
80 60 1.252
75 61 9.565
72 21 1.584
25 14 0.607
88 25 5.820
18 12 3.783
82 49 4.351
94 41 2.901
61 49 5.973
79 34 2.135
83 32 2.593
88 64 3.991
79 72 5.762
83 20 9.765
89 43 10.005
62 11 3.711
22 13 9.985
33  2 9.394
74 10 9.971
91 86 7.444
73 38 2.973
95 32 1.411
31  0 0.347
92 80 3.540
92 47 8.308
93 83 9.924
27 26 6.922
59 18 9.054
48 33 1.128
91 61 2.367
37 31 6.627
93 79 8.897
45  2 4.390
91 72 6.988
46 23 7.655
81 77 7.465
47 24 4.528
26 14 4.574
66 21 0.529
56 16 6.122
76 73 8.335
50 34 1.224
86 23 6.245
48 10 4.291
 1  0 2.249
 5  4 0.666
96 27 8.814
20 17 2.813
73 66 6.029
44 37 3.885
41 27 3.994
83 61 5.097
81 68 3.651
88 58 9.641
72 67 1.798
89 18 3.119
76 34 1.930
72 37 0.603
63 20 8.938
76 43 9.932
71 10 0.250
75 23 7.780
92 29 5.033
83 29 5.612
22  4 5.426
94 88 3.640
51 26 8.526
75 10 2.772
78 57 7.475
90 34 3.714
74 58 8.715
17  8 4.419
91 24 1.384
98  8 9.904
90 80 4.072
64 22 9.846
71 53 7.552
80 76 5.033
83 52 7.669
88 38 6.935
93 62 7.144
49  0 9.146
89 33 5.578
86 84 9.356
99  9 3.990
34 21 0.361
84 80 2.518
81 57 8.422
43 19 9.187
60 25 6.115
63 25 7.710
76 66 9.344
45  9 7.501
42 40 4.700
95 81 8.913
60 23 3.570
27  2 7.147
45 17 5.062
71 55 2.026
63 40 0.273
95 19 5.404
50 22 5.616
49 20 2.874
13  9 4.767
68  5 8.904
83 49 5.465
84 28 9.658
68 49 6.649
32 16 2.098
80 63 1.950
79 51 3.900
39 27 9.439
45 38 3.584
81 42 3.522
58 12 1.258
53 52 4.524
65  3 5.190
92 20 0.928
56 26 5.320
87 31 3.810
74 49 2.740
88 23 6.656
88 76 1.780
97 12 6.839
34 27 8.465
93  3 3.146
91 90 8.211
55 28 1.426
49 24 9.537
69 68 7.648
44 34 0.688
95 62 1.480
57  7 7.849
34  3 0.533
67  9 5.297
73 70 5.118
22 21 0.204
74 69 9.526
77 22 8.357
53 32 4.581
65 43 2.455
71 37 0.736
78 56 8.708
91 28 6.640
94 66 0.100
70 33 6.164
51 16 9.903
40  6 4.175
79 29 4.353
92 57 4.836
94 27 6.704
40 29 5.889
77 43 1.106
91 11 3.728
89 72 2.319
89 26 7.353
93 61 7.589
64 16 0.806
91 26 5.233
79 41 7.550
46 20 1.969
62 13 7.688
84 47 5.388
18  6 6.899
54 18 3.410
79 28 7.973
33  4 6.729
61 40 1.806
71 48 6.667
57 48 8.571
94 64 3.223
84  2 4.580
36  2 4.024
99 73 2.083
97 13 1.869
88 77 0.850
79 24 4.772
97 57 5.119
34 20 7.404
93 52 5.481
87 64 4.264
82 72 4.380
85  2 8.805
78 16 3.416
37 35 6.532
75 60 5.776
59 39 6.652
82 36 3.835
58 57 0.930
58  6 3.537
47 10 8.299
61 52 4.743
67 21 4.616
69 18 0.173
52 35 0.547
94 26 7.240
23  7 4.273
68  1 3.348
94 63 2.014
95 45 9.350
40 39 6.203
76 60 5.776
67 57 9.364
98 74 10.098
88 20 7.501
97 79 3.187
49 41 1.303
26  6 8.005
48 41 9.609
88 44 0.272
98 28 8.280
48 15 8.449
94  1 9.321
97 31 6.603
44 14 2.080
79 21 3.766
92 75 6.534
56 47 8.811
42 33 3.433
85 26 6.215
77  1 1.303
68 30 8.997
68 16 1.011
35 29 5.128
 2  0 2.582
95 11 7.928
40 37 6.272
91 68 1.621
69 66 6.784
57  9 8.296
36 28 5.701
82  8 5.330
95 69 5.502
59 19 5.738
46  2 8.009
76 17 1.530
74 20 0.349
62 16 3.573
30  5 6.769
65 44 6.716
80 26 2.675
36 27 6.518
82 64 9.585
90 82 8.320
92 32 3.659
77 61 2.005
89 44 3.802
85 34 6.474
83 80 3.823
96 83 5.751
44 22 5.762
95  9 2.956
96 13 0.514
85 31 5.309
62  2 9.862
84  6 4.175
44  1 4.940
96 92 5.713
48 30 4.019
77 65 0.523
17 11 6.162
88 41 0.423
55 46 6.564
60 21 5.672
39 33 10.066
67 55 5.785
91 81 1.286
95  0 6.111
66  4 7.113
53 16 3.050
84 24 7.001
82 39 4.098
88 22 0.371
63 57 2.248
17  2 6.020
98  1 8.667
69 57 9.067
94  0 4.543
93  9 6.212
92 70 4.055
62 24 7.073
62 12 7.437
78 69 8.917
81 43 9.088
55 19 8.008
33  8 3.319
16  0 1.319
39 23 6.667
58 28 8.902
19  7 8.322
85 77 8.157
67 34 8.275
64 25 8.958
31 15 5.397
90 71 7.544
96 31 6.034
90 45 5.924
35 20 0.432
42 26 8.732
89 11 6.849
62 27 9.569
94 38 5.730
79 58 1.472
50 42 9.455
90 26 7.972
74 51 3.570
45 42 1.440
92 84 9.620
48  3 4.435
77 62 4.578
50 36 4.377
95  4 5.836
80  8 3.083
39  0 6.647
49 29 9.519
88 65 0.816
93 22 7.084
75  2 4.445
94 73 9.448
97 44 4.767
55 48 7.653
71 39 2.672
63 44 9.466
97 49 7.045
96 89 1.609
85 81 1.202
59 58 0.682
58 53 2.449
88 81 0.527
89 10 1.786
60  9 7.187
58 34 9.119
64 31 1.701
75 27 8.284
83 82 0.769
90 59 9.471
69 19 0.858
43 34 1.002
98 77 2.336
51 23 3.262
69 10 8.537
19 13 2.736
37 28 9.377
29  8 9.007
88 63 8.541
43 26 1.035
57 55 3.622
55 30 8.569
33  5 8.690
97  6 5.627
46 18 7.341
66 28 3.251
23  8 7.507
82 27 4.242
34 14 2.641
66 46 6.789
91  8 5.988
32  9 6.759
88 59 3.781
64 21 0.840
80 44 7.742
78 36 3.970
12 11 5.444
76 70 4.564
65 61 6.692
19 14 5.549
81 27 9.579
88 30 4.820
43 11 10.001
96  0 3.501
58  2 3.487
54 12 5.989
84  4 9.564
96 87 4.142
90 76 6.653
68 21 7.948
64 32 6.499
99 41 3.480
53 42 9.546
55 52 3.300
66 45 6.055
67 12 5.208
70  6 3.414
44 29 2.668
71 30 0.169
93 55 8.952
44 24 3.756
 8  5 4.737
47 23 5.941
74 26 9.416
73 24 0.988
87  1 6.297
80 35 8.464
82 60 5.829
84 61 8.762
70 10 5.164
54 23 5.511
35 25 3.981
73 60 8.881
74 48 1.827
90 44 3.800
83 30 2.743
84 39 1.184
44  2 2.459
57 34 8.125
41 13 1.990
86 27 9.763
75 52 1.134
86 34 1.123
54 45 2.910
31 22 7.143
76 51 0.247
29 27 0.677
88  5 6.324
84 60 4.027
15 13 7.941
46 34 9.349
82 35 6.590
68 13 1.911
71 14 1.614
60 14 8.515
78 47 6.567
68 33 5.382
55 25 5.798
91 25 8.839
59 44 1.002
98 53 2.192
64 23 5.761
73  7 4.785
72 12 7.986
76  7 2.030
94 49 6.882
62  7 0.571
98 43 2.545
60 16 6.642
44  3 1.476
75 46 9.133
83 34 5.148
72 54 5.996
84 37 8.895
95 20 7.701
93 53 3.896
52 48 9.955
96  1 9.233
44 25 2.441
50  2 5.036
73 72 4.327
37 29 3.071
48 28 7.120
51 39 6.517
57 16 8.822
37 24 1.160
41 31 0.574
53 13 0.618
59 34 8.530
45 43 6.566
27 18 7.865
93 32 1.481
40  4 9.345
89  9 6.942
97 27 6.339
60  7 0.727
25  4 4.914
96  3 5.062
88 21 5.708
51  1 4.291
73 35 7.618
27 22 6.242
92 13 7.608
86 73 7.057
43 10 7.805
90 57 8.728
19  6 4.984
14  6 4.437
84 73 4.164
96 17 7.639
75  5 1.108
90 67 6.801
60 31 2.583
56 37 2.662
82 19 0.612
24 13 4.027
58  3 9.091
93 86 6.574
65  2 2.736
71 50 9.944
60 32 8.644
99 42 8.487
69  6 9.831
97 29 7.522
32 22 4.413
57 27 3.209
63 50 8.964
91 32 3.784
41  2 3.227
49 22 7.373
41 29 9.728
75 68 4.717
40  9 8.212
81 79 2.195
94 68 5.325
82 24 0.782
81 21 5.354
65 15 7.731
81  7 2.528
64  4 8.219
76 72 3.305
89 88 6.428
82 57 8.541
98 47 4.733
54 52 7.152
13  6 9.274
64 61 2.636
92 44 8.386
99 10 7.582
90 19 9.166
44 26 2.610
20 18 4.735
78 12 10.060
85 59 8.425
22 17 7.169
89  4 7.703
63 55 3.013
25  6 1.993
79 20 3.955
41 36 4.294
58 11 2.637
53  7 3.120
74 15 0.528
92 21 6.811
66 33 4.033
76 33 3.130
38  5 8.463
76 50 2.207
82  4 8.358
91 19 0.459
80  0 1.871
46 40 8.670
95 23 3.960
64 30 5.240
94 18 2.189
76 20 9.433
13 11 9.298
74  9 0.600
92 15 9.052
48  6 8.312
80  7 5.109
84 64 4.949
58 32 8.245
23  9 5.093
68 45 1.226
92 89 5.518
88 13 0.963
59 16 6.710
86 50 9.586
79 38 2.954
85 42 2.918
81 75 1.395
70 26 7.483
76 13 0.455
89 34 4.259
68  3 6.032
53 33 5.679
85 36 6.906
64  1 1.781
63 19 0.712
78 14 7.635
14 12 5.229
83 25 5.918
69  0 8.507
87 68 2.807
58 40 7.090
41 16 2.676
76 63 5.891
50 37 7.411
32 18 8.549
64 55 1.352
90 46 5.763
41 30 0.676
46  9 6.275
32 15 9.383
87 75 4.216
99 21 1.562
67 23 5.728
37 12 5.979
50 30 3.611
93  2 3.449
26 20 1.143
25 13 5.299
52 11 6.493
67 58 2.711
82 25 3.217
52 23 2.596
83 54 9.567
75  8 2.112
21 17 6.011
42  6 1.359
77  4 9.958
72  9 2.738
99 96 0.414
98 94 7.655
87 51 3.593
49 30 0.727
86 14 2.087
81 56 2.202
79 27 0.685
92 36 2.304
74 57 0.349
95 15 1.167
14  5 5.865
77  0 1.214
54  5 5.257
86 31 1.928
47 22 5.466
23 10 2.482
54  8 5.939
37 27 0.472
68 32 1.566
48  9 5.220
74 73 4.980
27 14 4.148
32 14 3.405
57 51 3.103
79 59 2.182
86 76 1.606
67 50 1.490
49  9 3.941
75 59 7.293
47  2 1.046
53 17 5.871
43  8 4.252
88 11 4.066
29 11 1.280
74 60 7.284
85 75 3.656
81  2 8.043
80 79 2.738
83 15 1.619
34 18 2.811
60 36 6.519
77 60 9.080
59 46 0.243
90  1 8.559
35 16 8.308
65 24 2.189
89 13 4.097
93 51 7.337
60 15 9.987
90 15 2.496
36 13 4.576
59 48 2.295
68 54 8.340
68 24 5.684
63  3 0.191
25 22 5.914
65 54 1.727
99 50 1.437
89 66 2.778
74 64 2.450
89 60 6.857
68 28 5.414
77  6 1.352
99 93 0.912
85 83 6.493
69 15 6.632
78 77 2.587
37  6 6.842
94 69 9.314
42  5 1.203
48  5 1.543
79 57 9.287
71 15 3.620
68 61 5.940
33 15 4.482
30 19 0.147
95 26 4.691
64  5 4.488
16 15 5.054
69 17 5.602
92 52 0.497
92 79 6.183
71 62 6.180
70 40 3.654
49 40 1.050
98 58 5.472
39 10 4.811
36  6 3.255
56 48 8.161
93 68 5.702
53 48 7.360
77 63 1.678
53  3 6.658
95 59 7.522
78  8 7.259
41 17 2.733
95 94 7.842
33 27 4.671
38 32 2.814
80 18 7.284
52 39 4.677
10  6 9.816
92 14 1.112
56 43 2.973
95 31 5.419
68 40 4.511
58  8 8.138
99 51 5.037
90  6 9.719
55 26 6.289
93 47 2.870
57 13 4.286
98  4 5.117
96 39 9.882
71 25 1.053
70 69 4.363
99 59 8.998
63 54 2.399
97 35 1.963
31 13 5.527
62 44 6.820
85 58 10.046
86 40 6.667
42 41 3.792
61  3 2.268
81 34 5.069
79 52 4.244
85 30 10.062
82 10 8.307
21 15 6.362
55 51 3.714
70 37 5.069
59 28 5.561
28  5 7.653
58 45 8.183
36 10 6.703
38 27 6.144
62 14 6.572
87 20 3.444
92 83 5.993
92 41 7.855
37 25 3.747
92 76 1.706
77 34 0.269
77 15 9.252
95 82 7.846
24 12 6.498
84 22 4.909
71 33 7.806
61 20 6.551
99 92 2.592
97 75 5.226
72 25 7.135
81 76 4.960
 5  0 0.800
71 12 0.831
73 33 5.494
56 32 0.850
92 62 8.429
26 21 2.802
73 49 9.736
 8  4 3.746
81 37 2.306
74  0 0.435
67 47 8.684
88 54 9.545
41  7 7.571
40 21 4.885
90  2 2.245
98 92 0.186
54 29 0.640
81 17 5.476
89 59 8.085
90 32 7.441
56 29 1.861
27 24 6.347
79  6 2.802
38  4 7.075
89 68 5.674
98 93 3.843
94 86 4.092
43 39 7.202
96  8 6.457
38  6 0.116
21 19 8.327
82 12 7.825
36 35 2.156
47 39 1.654
81 24 6.353
57 40 6.160
71 51 4.518
73 50 3.035
68 44 8.745
72 52 1.446
76  6 0.816
62 55 2.898
92 37 5.388
60 28 3.136
92 56 1.412
65 48 4.105
49  3 5.380
85 22 1.993
31 20 1.143
40 11 0.325
95 14 4.075
76 10 1.849
82 59 8.877
28 22 7.015
60 11 2.139
60 17 3.409
35  4 3.520
71  8 2.750
66 44 6.889
49 17 5.549
45 33 3.574
51 47 10.077
31 21 8.461
53  5 0.652
45 18 6.001
65 38 7.503
14  7 3.415
44 39 1.319
52 40 2.517
77 41 7.111
35 14 8.997
40 15 3.016
65 57 5.061
22  0 4.354
70  1 6.455
97 60 4.801
94 32 2.638
95 43 2.794
47 14 0.303
79 39 4.483
13  0 2.077
88 51 5.357
 9  8 10.040
87 39 2.319
58 24 8.423
33 17 9.451
95 34 8.399
87 84 7.873
36 18 7.627
98  3 8.421
59  2 3.090