20 50
0 0 1 1 1 0
0 1 1 0 0 1
0 2 1 0 1 1
0 3 1 0 1 0
0 4 1 1 0 0
0 5 1 0 0 0
0 6 1 0 0 0
0 7 1 1 0 0
0 8 1 1 0 0
0 9 1 1 0 0
0 10 1 1 0 1
0 11 1 0 1 0
0 12 1 1 0 0
0 13 1 1 0 0
0 14 1 0 0 0
0 15 1 1 0 0
0 16 1 1 0 0
0 17 1 1 0 0
0 18 1 0 0 1
0 19 1 1 1 0
0 20 1 0 0 1
0 21 1 0 1 0
0 22 1 0 0 0
0 23 1 1 0 0
0 24 1 1 0 1
0 25 1 0 1 0
0 26 1 0 0 0
0 27 1 1 0 1
0 28 1 0 1 0
0 29 1 1 0 0
0 30 1 1 0 0
0 31 1 0 0 1
0 32 1 0 1 0
0 33 1 1 0 0
0 34 1 1 0 0
0 35 1 0 0 0
0 36 1 0 0 0
0 37 1 1 0 0
0 38 1 1 0 0
0 39 1 1 0 0
0 40 1 1 0 1
0 41 1 0 1 0
0 42 1 1 0 0
0 43 1 1 0 0
0 44 1 1 0 0
0 45 1 0 0 0
0 46 1 0 0 1
0 47 1 0 1 0
0 48 1 1 0 0
0 49 1 0 0 1
1 0 1 0 1 0
1 1 0 1 0 1
1 2 0 1 1 0
1 3 0 1 0 0
1 4 1 1 0 1
1 5 0 0 1 1
1 6 0 0 1 1
1 7 1 0 1 0
1 8 1 1 0 0
1 9 1 1 0 0
1 10 1 1 0 0
1 11 0 1 0 1
1 12 1 0 1 0
1 13 1 0 0 1
1 14 0 1 1 0
1 15 1 1 0 0
1 16 1 1 0 0
1 17 1 0 0 1
1 18 0 1 1 0
1 19 1 0 0 1
1 20 0 1 1 0
1 21 0 0 0 1
1 22 0 1 1 0
1 23 1 1 0 0
1 24 1 1 0 0
1 25 0 1 0 1
1 26 0 1 1 0
1 27 1 0 0 1
1 28 0 0 1 1
1 29 1 0 1 0
1 30 1 1 0 0
1 31 0 1 0 1
1 32 0 1 1 0
1 33 1 0 0 1
1 34 1 0 1 0
1 35 0 1 0 1
1 36 0 1 1 1
1 37 1 0 1 0
1 38 1 1 0 0
1 39 1 1 0 0
1 40 1 1 0 0
1 41 0 1 0 1
1 42 1 0 1 0
1 43 1 1 0 0
1 44 1 0 0 1
1 45 0 0 1 1
1 46 0 1 1 1
1 47 0 0 1 1
1 48 1 0 1 0
1 49 0 1 0 1
2 0 0 0 1 1
2 1 1 1 1 0
2 2 1 0 0 0
2 3 1 1 0 0
2 4 1 1 0 0
2 5 0 1 0 1
2 6 0 0 1 1
2 7 0 0 1 1
2 8 1 1 1 0
2 9 1 1 0 0
2 10 1 1 0 0
2 11 1 1 0 0
2 12 0 0 0 1
2 13 0 1 1 1
2 14 1 0 1 0
2 15 1 1 0 0
2 16 1 1 0 0
2 17 0 1 0 1
2 18 1 0 1 1
2 19 0 1 1 0
2 20 1 0 0 1
2 21 0 1 1 0
2 22 1 0 0 0
2 23 1 1 0 0
2 24 1 1 0 1
2 25 1 0 1 0
2 26 1 0 0 1
2 27 0 1 1 0
2 28 0 1 0 1
2 29 0 1 1 0
2 30 1 1 0 0
2 31 1 1 0 0
2 32 1 1 0 0
2 33 0 0 0 1
2 34 0 1 1 0
2 35 1 0 0 1
2 36 1 0 1 0
2 37 0 1 0 1
2 38 1 0 1 1
2 39 1 0 1 0
2 40 1 1 0 0
2 41 1 1 0 0
2 42 0 1 0 1
2 43 1 0 1 1
2 44 0 0 1 1
2 45 0 0 1 0
2 46 1 1 0 0
2 47 0 1 0 1
2 48 0 1 1 0
2 49 1 0 0 1
3 0 0 0 1 1
3 1 1 0 1 0
3 2 0 1 0 1
3 3 1 1 1 0
3 4 1 0 0 1
3 5 1 0 1 0
3 6 0 1 0 1
3 7 0 1 1 0
3 8 1 1 0 0
3 9 1 1 0 0
3 10 1 1 0 0
3 11 1 1 0 0
3 12 0 0 0 1
3 13 1 0 1 0
3 14 0 1 0 1
3 15 1 0 1 0
3 16 1 1 0 0
3 17 1 1 0 0
3 18 0 0 0 0
3 19 1 0 0 1
3 20 0 0 1 1
3 21 1 1 1 0
3 22 0 1 0 1
3 23 1 0 1 0
3 24 1 0 0 1
3 25 0 0 1 1
3 26 0 0 1 1
3 27 1 0 1 0
3 28 1 1 0 0
3 29 1 1 0 0
3 30 1 1 0 0
3 31 1 1 0 0
3 32 1 0 0 1
3 33 0 1 1 0
3 34 1 0 0 1
3 35 0 1 1 0
3 36 0 1 0 1
3 37 1 0 1 0
3 38 0 0 0 1
3 39 0 1 1 0
3 40 1 0 0 1
3 41 1 1 1 0
3 42 1 1 0 0
3 43 0 0 0 1
3 44 0 0 1 1
3 45 0 1 1 1
3 46 1 0 1 0
3 47 1 1 0 0
3 48 1 0 0 1
3 49 0 0 1 1
4 0 0 0 1 1
4 1 0 1 1 0
4 2 1 0 0 0
4 3 1 0 0 1
4 4 0 0 1 0
4 5 0 1 0 0
4 6 1 1 0 0
4 7 1 1 0 0
4 8 1 1 0 0
4 9 1 0 0 0
4 10 1 1 0 1
4 11 1 0 1 0
4 12 0 1 0 1
4 13 0 0 1 1
4 14 1 1 1 0
4 15 0 1 0 1
4 16 1 0 1 0
4 17 1 0 0 1
4 18 0 1 1 1
4 19 0 1 1 0
4 20 0 0 0 1
4 21 1 0 1 0
4 22 1 0 0 1
4 23 0 0 1 1
4 24 0 1 1 0
4 25 0 1 0 1
4 26 0 1 1 0
4 27 0 1 0 1
4 28 1 0 1 0
4 29 1 1 0 0
4 30 1 1 0 0
4 31 1 0 0 1
4 32 0 0 1 1
4 33 1 1 1 0
4 34 0 1 0 0
4 35 1 0 0 1
4 36 1 0 1 0
4 37 0 0 0 1
4 38 0 1 1 0
4 39 1 1 0 1
4 40 0 1 1 0
4 41 1 0 0 1
4 42 1 0 1 0
4 43 0 1 0 1
4 44 0 1 1 0
4 45 1 0 0 1
4 46 0 0 1 1
4 47 1 0 1 1
4 48 0 1 1 0
4 49 0 0 0 1
5 0 0 1 1 0
5 1 1 0 0 1
5 2 0 0 1 1
5 3 0 0 1 1
5 4 0 1 1 1
5 5 1 0 1 0
5 6 1 0 0 1
5 7 1 1 1 0
5 8 1 0 0 0
5 9 0 1 0 1
5 10 1 0 1 0
5 11 0 1 0 1
5 12 1 0 1 1
5 13 0 1 1 0
5 14 1 0 0 1
5 15 1 0 1 0
5 16 0 1 0 1
5 17 0 1 1 0
5 18 1 1 0 0
5 19 1 0 0 1
5 20 0 0 1 1
5 21 0 0 1 1
5 22 0 0 1 1
5 23 0 0 1 0
5 24 1 0 0 1
5 25 1 1 1 0
5 26 1 1 0 0
5 27 1 0 0 0
5 28 0 1 0 0
5 29 1 0 0 1
5 30 1 0 1 0
5 31 0 1 0 1
5 32 0 1 1 0
5 33 1 1 0 0
5 34 1 0 0 1
5 35 0 0 1 1
5 36 0 0 1 1
5 37 0 1 1 0
5 38 1 0 0 1
5 39 1 0 1 0
5 40 1 1 0 0
5 41 0 1 0 1
5 42 0 0 1 1
5 43 1 0 1 0
5 44 1 1 0 0
5 45 0 1 0 1
5 46 0 0 1 1
5 47 0 0 1 0
5 48 1 1 0 1
5 49 0 0 1 1
6 0 1 0 1 1
6 1 0 0 1 1
6 2 0 1 1 1
6 3 0 1 1 0
6 4 1 0 0 1
6 5 0 0 1 1
6 6 0 1 1 0
6 7 1 0 0 1
6 8 0 1 1 1
6 9 1 0 1 0
6 10 0 1 0 1
6 11 1 0 1 0
6 12 0 1 0 0
6 13 1 0 0 1
6 14 0 1 1 0
6 15 0 1 0 0
6 16 1 1 0 0
6 17 1 0 0 1
6 18 1 0 1 1
6 19 0 0 1 1
6 20 0 1 1 0
6 21 0 1 0 1
6 22 0 0 1 1
6 23 0 1 1 1
6 24 0 1 1 0
6 25 1 1 0 0
6 26 1 0 0 1
6 27 0 1 1 0
6 28 1 0 0 1
6 29 0 0 1 1
6 30 0 0 1 1
6 31 1 0 1 1
6 32 1 0 1 0
6 33 1 1 0 0
6 34 0 1 0 1
6 35 0 0 1 1
6 36 0 1 1 0
6 37 1 1 0 1
6 38 0 0 1 1
6 39 0 1 1 0
6 40 1 0 0 1
6 41 1 1 1 0
6 42 0 0 0 1
6 43 0 0 1 1
6 44 1 1 1 0
6 45 1 1 0 0
6 46 0 0 0 1
6 47 0 0 1 1
6 48 1 0 1 0
6 49 0 1 0 1
7 0 0 0 1 1
7 1 0 1 1 0
7 2 1 1 0 0
7 3 1 0 0 1
7 4 0 0 1 1
7 5 0 1 1 0
7 6 1 0 0 1
7 7 0 1 1 0
7 8 1 0 0 1
7 9 0 0 1 1
7 10 1 1 1 0
7 11 0 1 0 0
7 12 1 1 0 1
7 13 0 0 1 1
7 14 1 0 1 0
7 15 1 1 0 0
7 16 1 0 0 1
7 17 0 1 1 0
7 18 0 1 0 1
7 19 0 0 1 1
7 20 1 0 1 0
7 21 1 0 0 1
7 22 0 1 1 0
7 23 1 1 0 0
7 24 1 1 0 0
7 25 1 0 0 1
7 26 0 0 1 0
7 27 1 0 0 1
7 28 0 0 1 1
7 29 0 0 1 1
7 30 0 1 1 0
7 31 0 0 0 1
7 32 0 1 1 0
7 33 1 0 0 1
7 34 1 1 1 0
7 35 0 1 0 0
7 36 1 0 0 1
7 37 1 0 1 0
7 38 0 0 0 1
7 39 1 0 1 1
7 40 0 1 1 0
7 41 1 0 0 1
7 42 0 1 1 0
7 43 0 1 0 0
7 44 1 1 0 0
7 45 1 0 0 1
7 46 0 0 1 1
7 47 0 0 1 1
7 48 0 0 1 1
7 49 1 0 1 1
8 0 0 0 1 1
8 1 1 0 1 0
8 2 1 1 0 0
8 3 0 1 0 1
8 4 0 0 1 0
8 5 1 1 0 0
8 6 0 1 0 1
8 7 1 0 1 1
8 8 0 0 1 1
8 9 0 0 1 0
8 10 1 1 0 0
8 11 1 1 0 0
8 12 1 0 0 0
8 13 0 1 0 1
8 14 0 0 1 1
8 15 1 0 1 1
8 16 0 1 1 0
8 17 1 1 0 0
8 18 1 1 0 0
8 19 0 1 0 1
8 20 0 0 1 1
8 21 0 0 1 0
8 22 1 1 0 1
8 23 1 0 1 0
8 24 1 1 0 0
8 25 0 1 0 1
8 26 0 1 1 1
8 27 0 0 1 1
8 28 0 1 1 1
8 29 0 1 1 0
8 30 1 0 0 1
8 31 0 1 1 0
8 32 1 1 0 1
8 33 0 1 1 0
8 34 1 1 0 0
8 35 1 0 0 1
8 36 0 1 1 0
8 37 0 1 0 1
8 38 0 0 1 1
8 39 0 0 1 0
8 40 1 0 0 1
8 41 0 1 1 0
8 42 1 1 0 0
8 43 1 0 0 1
8 44 1 1 1 0
8 45 0 1 0 0
8 46 0 1 0 1
8 47 0 0 1 0
8 48 0 1 0 1
8 49 0 0 1 1
9 0 0 0 1 1
9 1 0 0 1 1
9 2 1 1 1 0
9 3 1 0 0 1
9 4 0 1 1 0
9 5 1 0 0 1
9 6 1 0 1 0
9 7 0 0 0 1
9 8 0 1 1 0
9 9 0 1 0 1
9 10 1 0 1 0
9 11 1 0 0 1
9 12 0 0 1 1
9 13 1 0 1 0
9 14 0 1 0 1
9 15 0 0 1 0
9 16 1 1 0 0
9 17 1 0 0 1
9 18 1 0 1 0
9 19 1 1 0 0
9 20 0 1 0 1
9 21 0 1 1 0
9 22 1 1 0 0
9 23 0 1 0 1
9 24 1 0 1 0
9 25 1 1 0 0
9 26 1 0 0 1
9 27 0 0 1 1
9 28 1 0 1 0
9 29 1 0 0 1
9 30 0 1 1 0
9 31 1 1 0 0
9 32 1 0 0 0
9 33 1 0 0 0
9 34 1 1 0 1
9 35 0 1 1 0
9 36 1 0 0 1
9 37 1 0 1 0
9 38 0 1 0 1
9 39 0 1 1 1
9 40 0 0 1 0
9 41 1 0 0 1
9 42 1 0 1 1
9 43 0 1 1 0
9 44 1 1 0 0
9 45 1 1 0 0
9 46 1 0 0 1
9 47 0 1 1 0
9 48 1 1 0 0
9 49 0 1 0 1
10 0 0 0 1 1
10 1 0 1 1 0
10 2 1 0 0 1
10 3 0 0 1 1
10 4 1 0 1 0
10 5 0 1 0 1
10 6 0 1 1 1
10 7 0 0 1 1
10 8 1 0 1 0
10 9 1 1 0 0
10 10 0 1 0 1
10 11 0 0 1 1
10 12 0 1 1 1
10 13 0 0 1 1
10 14 1 0 1 1
10 15 0 1 1 0
10 16 1 0 0 1
10 17 0 1 1 0
10 18 0 1 0 1
10 19 1 0 1 0
10 20 1 1 0 0
10 21 1 1 0 0
10 22 1 1 0 0
10 23 1 1 0 0
10 24 0 1 0 1
10 25 1 0 1 1
10 26 0 0 1 1
10 27 0 0 1 0
10 28 0 1 0 1
10 29 0 1 1 0
10 30 1 1 0 0
10 31 1 0 0 1
10 32 0 0 1 1
10 33 0 1 1 0
10 34 1 1 0 0
10 35 1 1 0 0
10 36 0 0 0 1
10 37 0 1 1 0
10 38 1 1 0 0
10 39 1 1 0 0
10 40 0 1 0 1
10 41 0 1 1 0
10 42 0 0 0 1
10 43 1 0 1 0
10 44 1 1 0 0
10 45 1 1 0 1
10 46 0 1 1 0
10 47 1 0 0 0
10 48 1 1 0 0
10 49 1 0 0 1
11 0 0 0 1 0
11 1 1 1 0 0
11 2 0 1 0 1
11 3 0 1 1 0
11 4 0 0 0 0
11 5 1 1 0 0
11 6 1 1 0 0
11 7 0 0 0 1
11 8 0 1 1 0
11 9 1 1 0 0
11 10 1 0 0 1
11 11 0 1 1 0
11 12 1 0 0 0
11 13 0 1 0 1
11 14 0 1 1 0
11 15 1 0 0 0
11 16 0 1 0 0
11 17 1 1 0 0
11 18 1 1 0 0
11 19 0 1 0 1
11 20 1 1 1 0
11 21 1 1 0 0
11 22 1 1 0 0
11 23 1 1 0 0
11 24 1 1 0 0
11 25 0 0 0 1
11 26 0 0 1 1
11 27 0 1 1 0
11 28 1 1 0 0
11 29 1 0 0 1
11 30 1 0 1 0
11 31 0 1 0 1
11 32 0 1 1 1
11 33 1 0 1 0
11 34 1 1 0 0
11 35 1 0 0 1
11 36 0 1 1 0
11 37 1 1 0 0
11 38 1 1 0 0
11 39 1 1 0 0
11 40 1 0 0 1
11 41 1 0 1 0
11 42 0 1 0 1
11 43 0 0 1 1
11 44 1 0 1 0
11 45 1 1 0 0
11 46 1 0 0 1
11 47 0 1 1 1
11 48 1 0 1 0
11 49 0 0 0 1
12 0 0 1 1 0
12 1 1 1 0 0
12 2 1 1 0 0
12 3 1 0 0 1
12 4 0 1 1 1
12 5 1 0 1 0
12 6 1 0 0 1
12 7 0 1 1 0
12 8 1 1 0 0
12 9 1 0 0 1
12 10 0 0 1 1
12 11 1 1 1 0
12 12 0 1 0 1
12 13 1 0 1 0
12 14 1 0 0 1
12 15 0 1 1 0
12 16 1 1 0 1
12 17 1 0 1 0
12 18 1 1 0 0
12 19 1 1 0 0
12 20 1 0 0 1
12 21 1 0 1 0
12 22 1 0 0 1
12 23 1 0 1 0
12 24 1 0 0 1
12 25 0 0 1 1
12 26 0 1 1 0
12 27 1 1 0 0
12 28 1 0 0 1
12 29 0 1 1 1
12 30 0 0 1 0
12 31 1 1 0 0
12 32 1 1 0 0
12 33 0 1 0 1
12 34 1 0 1 1
12 35 0 1 1 0
12 36 1 0 0 1
12 37 1 1 1 0
12 38 1 0 0 0
12 39 1 1 0 0
12 40 0 1 0 1
12 41 0 0 1 1
12 42 1 0 1 0
12 43 0 1 0 1
12 44 0 0 1 1
12 45 1 1 1 0
12 46 0 1 0 0
12 47 1 1 0 0
12 48 0 1 0 1
12 49 0 1 1 1
13 0 1 0 1 0
13 1 1 0 0 0
13 2 1 1 0 1
13 3 0 1 1 0
13 4 1 0 0 1
13 5 0 0 1 1
13 6 0 0 1 1
13 7 1 0 1 0
13 8 1 1 0 0
13 9 0 1 0 1
13 10 0 1 1 0
13 11 1 1 0 0
13 12 1 1 0 0
13 13 0 1 0 1
13 14 0 1 1 0
13 15 1 0 0 0
13 16 1 0 0 1
13 17 0 0 1 1
13 18 1 0 1 1
13 19 1 0 1 0
13 20 0 1 0 1
13 21 0 0 1 1
13 22 0 1 1 0
13 23 0 1 0 1
13 24 0 0 1 1
13 25 0 0 1 1
13 26 1 0 1 0
13 27 1 0 0 1
13 28 0 1 1 0
13 29 1 0 0 1
13 30 0 0 1 0
13 31 1 1 0 0
13 32 1 1 0 0
13 33 1 1 0 0
13 34 0 1 0 0
13 35 1 0 0 1
13 36 0 1 1 0
13 37 1 0 0 1
13 38 0 1 1 0
13 39 1 0 0 1
13 40 1 0 1 0
13 41 0 1 0 1
13 42 0 1 1 0
13 43 1 0 0 1
13 44 0 0 1 1
13 45 1 0 1 0
13 46 1 1 0 0
13 47 1 1 0 0
13 48 1 1 0 0
13 49 1 0 0 1
14 0 0 0 1 1
14 1 0 0 1 1
14 2 1 0 1 0
14 3 1 1 0 0
14 4 0 1 0 1
14 5 0 0 1 1
14 6 0 0 1 1
14 7 0 1 1 0
14 8 1 1 0 0
14 9 1 1 0 0
14 10 1 1 0 0
14 11 1 0 0 0
14 12 1 1 0 1
14 13 1 0 1 0
14 14 1 0 0 1
14 15 0 1 1 1
14 16 0 1 1 0
14 17 0 1 0 0
14 18 0 1 0 1
14 19 0 0 1 1
14 20 1 0 1 0
14 21 0 1 0 1
14 22 1 0 1 0
14 23 1 1 0 0
14 24 0 1 0 1
14 25 0 0 1 0
14 26 0 1 0 1
14 27 0 1 1 0
14 28 1 0 0 1
14 29 0 0 1 1
14 30 0 1 1 1
14 31 1 0 1 0
14 32 1 0 0 1
14 33 1 1 1 0
14 34 1 1 0 0
14 35 0 1 0 1
14 36 1 0 1 0
14 37 0 1 0 1
14 38 1 0 1 0
14 39 0 1 0 1
14 40 0 1 1 0
14 41 1 1 0 0
14 42 1 1 0 0
14 43 0 1 0 1
14 44 0 1 1 0
14 45 0 1 0 0
14 46 1 1 0 0
14 47 1 1 0 0
14 48 1 0 0 1
14 49 0 0 1 1
15 0 0 0 1 1
15 1 0 1 1 0
15 2 0 1 0 1
15 3 1 0 1 0
15 4 1 1 0 0
15 5 0 0 0 1
15 6 0 1 1 0
15 7 1 0 0 1
15 8 1 0 1 0
15 9 1 0 0 1
15 10 1 0 1 0
15 11 0 1 0 1
15 12 1 0 1 0
15 13 0 1 0 1
15 14 0 1 1 0
15 15 1 1 0 0
15 16 1 1 0 0
15 17 1 1 0 0
15 18 1 1 0 0
15 19 0 1 0 1
15 20 0 0 1 1
15 21 1 0 1 1
15 22 0 1 1 0
15 23 1 0 0 1
15 24 1 0 1 0
15 25 0 1 0 1
15 26 1 0 1 0
15 27 1 1 0 0
15 28 0 0 0 1
15 29 0 1 1 0
15 30 1 0 0 1
15 31 0 0 1 1
15 32 0 1 1 0
15 33 1 1 0 0
15 34 1 1 0 0
15 35 1 0 0 1
15 36 0 0 1 1
15 37 1 0 1 1
15 38 0 0 1 1
15 39 1 0 1 0
15 40 1 1 0 0
15 41 1 1 0 0
15 42 1 0 0 1
15 43 1 0 1 0
15 44 1 0 0 1
15 45 1 1 1 0
15 46 1 1 0 0
15 47 1 1 0 0
15 48 0 1 0 1
15 49 0 0 1 1
16 0 0 1 1 0
16 1 1 1 0 0
16 2 1 0 0 1
16 3 0 1 1 1
16 4 1 0 1 0
16 5 0 1 0 1
16 6 1 0 1 1
16 7 0 1 1 0
16 8 0 1 0 1
16 9 0 0 1 1
16 10 0 1 1 0
16 11 1 1 0 1
16 12 0 1 1 0
16 13 1 1 0 0
16 14 1 1 0 0
16 15 1 0 0 0
16 16 1 1 0 0
16 17 1 1 0 0
16 18 1 1 0 0
16 19 1 1 0 0
16 20 0 1 0 0
16 21 0 1 0 1
16 22 1 0 1 0
16 23 0 1 0 1
16 24 0 1 1 1
16 25 1 0 1 0
16 26 0 1 0 1
16 27 1 0 1 1
16 28 0 0 1 1
16 29 1 0 1 1
16 30 0 0 1 1
16 31 0 0 1 0
16 32 1 0 0 1
16 33 1 0 1 0
16 34 1 0 0 1
16 35 0 1 1 0
16 36 0 1 0 1
16 37 0 0 1 0
16 38 0 1 0 1
16 39 0 0 1 1
16 40 1 0 1 1
16 41 1 0 1 0
16 42 0 1 0 1
16 43 0 0 1 1
16 44 0 1 1 0
16 45 1 0 0 1
16 46 1 0 1 0
16 47 1 1 0 0
16 48 1 0 0 1
16 49 0 0 1 1
17 0 1 0 1 1
17 1 1 0 1 0
17 2 0 1 0 1
17 3 1 0 1 0
17 4 0 1 0 1
17 5 1 1 1 0
17 6 0 0 0 1
17 7 1 0 1 0
17 8 1 0 0 1
17 9 0 0 1 1
17 10 1 0 1 0
17 11 1 1 0 0
17 12 1 1 0 0
17 13 1 1 0 0
17 14 1 0 0 1
17 15 0 1 1 0
17 16 1 1 0 0
17 17 1 1 0 0
17 18 1 1 0 1
17 19 1 0 1 0
17 20 1 1 0 0
17 21 1 0 0 1
17 22 0 0 1 1
17 23 1 1 1 0
17 24 1 0 0 0
17 25 0 1 0 1
17 26 1 1 1 0
17 27 0 1 0 0
17 28 0 1 0 0
17 29 0 1 0 1
17 30 0 0 1 1
17 31 0 1 1 1
17 32 0 1 1 0
17 33 0 1 0 1
17 34 0 1 1 0
17 35 1 1 0 0
17 36 1 0 0 1
17 37 0 1 1 0
17 38 1 1 0 0
17 39 0 1 0 1
17 40 0 0 1 0
17 41 0 1 0 1
17 42 1 0 1 0
17 43 0 1 0 1
17 44 1 0 1 0
17 45 0 1 0 1
17 46 0 1 1 0
17 47 1 0 0 1
17 48 0 0 1 1
17 49 0 0 1 1
18 0 0 0 1 1
18 1 0 0 1 1
18 2 1 1 1 0
18 3 0 1 0 0
18 4 1 1 0 0
18 5 1 0 0 1
18 6 0 0 1 1
18 7 0 0 1 1
18 8 0 0 1 1
18 9 0 1 1 0
18 10 0 1 0 1
18 11 1 0 1 0
18 12 1 1 0 1
18 13 1 0 1 0
18 14 0 1 0 1
18 15 1 0 1 0
18 16 1 0 0 1
18 17 1 0 1 0
18 18 1 0 0 1
18 19 0 0 1 1
18 20 1 0 1 0
18 21 0 1 0 1
18 22 0 1 1 0
18 23 1 0 0 1
18 24 0 0 1 0
18 25 1 1 0 0
18 26 1 1 0 0
18 27 1 1 0 0
18 28 1 1 0 0
18 29 1 0 0 1
18 30 0 0 1 1
18 31 1 0 1 0
18 32 1 1 0 0
18 33 1 1 0 0
18 34 1 1 0 0
18 35 1 0 0 1
18 36 0 0 1 1
18 37 1 0 1 0
18 38 1 0 0 0
18 39 1 1 0 1
18 40 0 1 1 0
18 41 1 1 0 0
18 42 0 1 0 1
18 43 1 0 1 1
18 44 0 1 1 0
18 45 1 1 0 0
18 46 1 0 0 1
18 47 0 0 1 1
18 48 0 1 1 0
18 49 0 0 0 1
19 0 0 1 1 0
19 1 0 1 0 0
19 2 1 1 0 0
19 3 1 1 0 0
19 4 1 1 0 0
19 5 0 1 0 1
19 6 0 1 1 0
19 7 0 1 0 1
19 8 0 1 1 0
19 9 1 1 0 0
19 10 1 1 0 0
19 11 0 1 0 0
19 12 1 1 0 0
19 13 0 1 0 0
19 14 1 1 0 0
19 15 0 1 0 1
19 16 0 1 1 0
19 17 0 1 0 1
19 18 0 1 1 0
19 19 0 1 0 1
19 20 0 1 1 0
19 21 1 1 0 0
19 22 1 1 0 0
19 23 0 1 0 1
19 24 0 1 1 0
19 25 1 1 0 0
19 26 1 1 0 0
19 27 1 1 0 0
19 28 1 1 0 1
19 29 0 1 1 0
19 30 0 1 0 0
19 31 0 1 0 1
19 32 1 1 1 0
19 33 1 1 0 0
19 34 1 1 0 0
19 35 0 1 0 0
19 36 0 1 0 1
19 37 0 1 1 1
19 38 0 1 1 0
19 39 1 1 0 0
19 40 1 1 0 0
19 41 1 1 0 0
19 42 1 1 0 0
19 43 0 1 0 0
19 44 1 1 0 0
19 45 1 1 0 0
19 46 0 1 0 0
19 47 0 1 0 1
19 48 1 1 1 0
19 49 0 1 0 1
