0 0
0 1
1 1
1 0
2 0
3 0
4 0
5 0
5 1
6 1
7 1
7 2
7 3
8 3
8 2
8 1
9 1
10 1
10 2
11 2
11 1
11 0
12 0
12 1
12 2
12 3
13 3
13 4
14 4
14 3
14 2
15 2
15 1
14 1
13 1
13 0
14 0
15 0
16 0
16 1
16 2
17 2
17 1
18 1
19 1
19 2
19 3
19 4
19 5
18 5
18 4
18 3
17 3
17 4
16 4
16 5
15 5
14 5
13 5
12 5
12 6
13 6
14 6
15 6
15 7
16 7
16 8
15 8
15 9
16 9
17 9
18 9
18 10
17 10
17 11
17 12
17 13
17 14
18 14
18 13
19 13
19 14
19 15
18 15
18 16
19 16
19 17
18 17
18 18
19 18
19 19
18 19
17 19
17 20
17 21
18 21
18 20
19 20
19 21
19 22
19 23
18 23
18 22
17 22
16 22
16 23
15 23
15 22
14 22
14 23
14 24
13 24
12 24
12 23
13 23
13 22
12 22
12 21
13 21
14 21
14 20
15 20
16 20
16 19
16 18
16 17
16 16
16 15
16 14
16 13
16 12
15 12
15 13
14 13
14 14
15 14
15 15
15 16
15 17
15 18
15 19
14 19
13 19
13 20
12 20
12 19
12 18
12 17
13 17
14 17
14 16
13 16
13 15
13 14
12 14
12 13
13 13
13 12
13 11
13 10
12 10
11 10
11 9
11 8
10 8
10 9
10 10
9 10
9 11
10 11
11 11
11 12
11 13
10 13
9 13
9 14
8 14
7 14
7 15
7 16
8 16
8 17
8 18
8 19
7 19
6 19
5 19
5 18
5 17
4 17
4 16
5 16
5 15
6 15
6 14
5 14
5 13
4 13
3 13
3 14
2 14
2 15
2 16
2 17
1 17
1 16
1 15
1 14
0 14
0 15
0 16
0 17
0 18
1 18
1 19
2 19
2 20
3 20
4 20
5 20
6 20
6 21
5 21
4 21
4 22
5 22
6 22
7 22
7 23
7 24
7 25
8 25
8 24
8 23
9 23
9 22
9 21
8 21
7 21
7 20
8 20
9 20
9 19
9 18
10 18
10 17
9 17
9 16
9 15
10 15
10 16
11 16
11 17
11 18
11 19
10 19
10 20
10 21
10 22
10 23
10 24
9 24
9 25
9 26
10 26
11 26
12 26
12 27
12 28
13 28
13 29
14 29
15 29
15 30
16 30
17 30
18 30
19 30
19 31
18 31
18 32
18 33
18 34
18 35
19 35
19 36
18 36
17 36
17 35
17 34
16 34
16 33
17 33
17 32
16 32
16 31
15 31
14 31
14 32
15 32
15 33
15 34
15 35
16 35
16 36
15 36
14 36
14 37
13 37
13 36
12 36
12 35
11 35
11 34
11 33
12 33
12 32
12 31
12 30
11 30
11 31
10 31
10 30
10 29
9 29
9 28
10 28
10 27
9 27
8 27
7 27
7 26
6 26
6 25
6 24
5 24
5 23
4 23
3 23
3 24
4 24
4 25
3 25
2 25
2 26
3 26
4 26
4 27
3 27
3 28
3 29
3 30
3 31
3 32
4 32
5 32
5 33
5 34
6 34
6 33
6 32
7 32
7 33
8 33
8 34
8 35
9 35
9 36
10 36
11 36
11 37
11 38
11 39
11 40
12 40
12 39
12 38
13 38
13 39
14 39
14 38
15 38
16 38
16 37
17 37
17 38
17 39
16 39
15 39
15 40
15 41
15 42
16 42
16 41
17 41
17 40
18 40
18 41
18 42
17 42
17 43
16 43
15 43
15 44
16 44
16 45
17 45
17 44
18 44
18 45
18 46
19 46
19 47
18 47
17 47
17 46
16 46
16 47
16 48
17 48
18 48
18 49
19 49
