0
2
2
3
6
10
11
14
14
14
15
15
15
16
16
17
19
20
20
20
21
21
21
22
23
24
27
28
28
28
29
30
31
31
32
32
32
33
33
33
34
35
36
37
37
38
39
41
41
42
42
43
43
43
44
44
44
45
46
46
47
47
47
50
50
50
50
51
52
53
58
59
60
60
61
61
62
63
63
64
65
66
67
67
68
68
68
69
70
73
75
76
76
76
77
77
78
78
78
79
79
79
79
79
81
81
82
82
83
83
84
84
87
88
88
90
93
93
95
95
96
97
98
98
100
102
103
103
107
108
109
109
110
110
112
113
114
115
118
118
119
121
122
122
122
123
124
125
125
125
126
126
129
129
131
136
138
138
139
139
139
140
142
142
142
143
143
143
143
143
144
145
145
145
146
146
148
148
149
149
150
150
150
151
152
152
153
153
153
154
155
155
155
157
157
158
159
160
160
161
162
162
163
164
164
165
167
167
167
169
170
170
171
171
173
173
174
174
175
177
177
177
177
178
178
179
179
179
179
180
180
181
184
185
187
187
187
188
189
189
189
189
191
191
191
192
192
192
194
195
196
197
197
198
198
199
201
201
202
203
205
205
206
207
207
208
209
211
211
212
213
214
215
217
217
219
219
222
223
223
225
225
227
227
228
228
229
229
230
230
231
232
232
234
234
234
235
235
236
238
238
239
241
241
241
243
243
244
244
245
245
247
247
248
248
249
249
249
251
253
256
256
258
260
260
260
260
260
262
263
265
265
265
266
266
267
270
270
270
271
271
271
272
273
273
273
273
273
274
276
276
277
279
279
280
281
281
283
283
283
284
284
285
285
286
287
287
288
288
289
290
290
291
293
294
294
294
295
295
296
296
299
299
301
304
305
305
306
306
307
309
309
311
311
312
313
314
315
316
316
317
318
322
323
323
323
324
324
325
325
326
326
326
326
328
329
329
333
334
335
337
337
337
337
337
340
340
340
340
341
341
342
342
347
348
348
350
350
351
352
353
354
354
355
355
355
357
358
359
361
363
364
364
364
364
365
366
366
366
367
369
370
370
371
371
371
372
372
373
373
373
375
376
376
377
378
380
380
380
381
381
382
382
382
384
384
386
387
387
388
389
389
390
391
392
392
394
394
395
399
